(0,0, 0,0, 0,0)
(0,0, 0,0, 0,0)
(0,0, 0,0, 0,0)
(0,0, 0,0, 0,0)
(0,1, 0,0, 0,0)
(0,1, 0,0, 0,0)
(0,1, 0,0, 0,0)
(0,1, 0,0, 0,0)
(0,1, 0,0, 0,0)
(0,1, 0,0, 0,0)
(0,1, 0,0, 0,0)
(0,1, 0,0, 0,0)
(0,2, 0,0, 0,0)
(0,2, 0,0, 0,0)
(0,2, 0,0, 0,0)
(0,2, 0,0, 0,0)
(0,2, 0,0, 0,0)
(0,2, 0,0, 0,0)
(0,2, 0,0, 0,0)
(0,2, 0,0, 0,0)
(0,2, 0,0, 0,0)
(0,3, 0,0, 0,0)
(0,3, 0,0, 0,0)
(0,3, 0,0, 0,0)
(0,3, 0,0, 0,0)
(0,3, 0,0, 0,0)
(0,3, 0,0, 0,0)
(0,3, 0,0, 0,0)
(0,3, 0,0, 0,0)
(0,3, 0,0, 0,0)
(0,3, 0,0, 0,0)
(0,3, 0,0, 0,0)
(0,3, 0,0, 0,0)
(0,3, 0,0, 0,0)
(0,3, 0,0, 0,0)
(0,3, 0,0, 0,0)
(0,3, 0,0, 0,0)
(0,3, 0,0, 0,0)
(0,4, 0,0, 0,0)
(0,4, 0,0, 0,0)
(0,4, 0,0, 0,0)
(0,4, 0,0, 0,0)
(0,4, 0,0, 0,0)
(0,4, 0,0, 0,0)
(0,4, 0,0, 0,0)
(0,4, 0,0, 0,0)
(0,4, 0,0, 0,0)
(0,4, 0,0, 0,0)
(0,4, 0,0, 0,0)
(0,4, 0,0, 0,0)
(0,4, 0,0, 0,0)
(0,4, 0,0, 0,0)
(0,4, 0,0, 0,0)
(0,4, 0,0, 0,0)
(0,4, 0,0, 0,0)
(0,4, 0,0, 0,0)
(0,4, 0,0, 0,0)
(0,4, 0,0, 0,0)
(0,4, 0,0, 0,0)
(0,4, 0,0, 0,0)
(0,4, 0,0, 0,0)
(0,4, 0,0, 0,0)
(0,4, 0,0, 0,0)
(0,4, 0,0, 0,0)
(0,5, 0,0, 0,0)
(0,5, 0,0, 0,0)
(0,5, 0,0, 0,0)
(0,5, 0,0, 0,0)
(0,5, 0,0, 0,0)
(0,5, 0,0, 0,0)
(0,5, 0,0, 0,0)
(0,5, 0,0, 0,0)
(0,5, 0,0, 0,0)
(0,5, 0,0, 0,0)
(0,5, 0,0, 0,0)
(0,5, 0,0, 0,0)
(0,5, 0,0, 0,0)
(0,5, 0,0, 0,0)
(0,5, 0,0, 0,0)
(0,5, 0,0, 0,0)
(0,5, 0,0, 0,0)
(0,5, 0,0, 0,0)
(0,5, 0,0, 0,0)
(0,5, 0,0, 0,0)
(0,5, 0,0, 0,0)
(0,5, 0,0, 0,0)
(0,5, 0,0, 0,0)
(0,5, 0,0, 0,0)
(0,5, 0,0, 0,0)
(0,5, 0,0, 0,0)
(0,5, 0,0, 0,0)
(0,6, 0,0, 0,0)
(0,6, 0,0, 0,0)
(0,6, 0,0, 0,0)
(0,6, 0,0, 0,0)
(0,6, 0,0, 0,0)
(0,6, 0,0, 0,0)
(0,6, 0,0, 0,0)
(0,6, 0,0, 0,0)
(0,6, 0,0, 0,0)
(0,6, 0,0, 0,0)
(0,6, 0,0, 0,0)
(0,6, 0,0, 0,0)
(0,6, 0,0, 0,0)
(0,6, 0,0, 0,0)
(0,6, 0,0, 0,0)
(0,6, 0,0, 0,0)
(0,6, 0,0, 0,0)
(0,6, 0,0, 0,0)
(0,6, 0,0, 0,0)
(0,6, 0,0, 0,0)
(0,6, 0,0, 0,0)
(0,6, 0,0, 0,0)
(0,6, 0,0, 0,0)
(0,6, 0,0, 0,0)
(0,6, 0,0, 0,0)
(0,6, 0,0, 0,0)
(0,6, 0,0, 0,0)
(0,6, 0,0, 0,0)
(0,6, 0,0, 0,0)
(0,6, 0,0, 0,0)
(0,6, 0,0, 0,0)
(0,6, 0,0, 0,0)
(0,7, 0,0, 0,0)
(0,7, 0,0, 0,0)
(0,7, 0,0, 0,0)
(0,7, 0,0, 0,0)
(0,7, 0,0, 0,0)
(0,7, 0,0, 0,0)
(0,7, 0,0, 0,0)
(0,7, 0,0, 0,0)
(0,7, 0,0, 0,0)
(0,7, 0,0, 0,0)
(0,7, 0,0, 0,0)
(0,7, 0,0, 0,0)
(0,7, 0,0, 0,0)
(0,7, 0,0, 0,0)
(0,7, 0,0, 0,0)
(0,7, 0,0, 0,0)
(0,7, 0,0, 0,0)
(0,7, 0,0, 0,0)
(0,7, 0,0, 0,0)
(0,7, 0,0, 0,0)
(0,7, 0,0, 0,0)
(0,7, 0,0, 0,0)
(0,7, 0,0, 0,0)
(0,7, 0,0, 0,0)
(0,7, 0,0, 0,0)
(0,7, 0,0, 0,0)
(0,7, 0,0, 0,0)
(0,7, 0,0, 0,0)
(0,7, 0,0, 0,0)
(0,7, 0,0, 0,0)
(0,7, 0,0, 0,0)
(0,7, 0,0, 0,0)
(0,8, 0,0, 0,0)
(0,8, 0,0, 0,0)
(0,8, 0,0, 0,0)
(0,8, 0,0, 0,0)
(0,8, 0,0, 0,0)
(0,8, 0,0, 0,0)
(0,8, 0,0, 0,0)
(0,8, 0,0, 0,0)
(0,8, 0,0, 0,0)
(0,8, 0,0, 0,0)
(0,8, 0,0, 0,0)
(0,8, 0,0, 0,0)
(0,8, 0,0, 0,0)
(0,8, 0,0, 0,0)
(0,8, 0,0, 0,0)
(0,8, 0,0, 0,0)
(0,8, 0,0, 0,0)
(0,8, 0,0, 0,0)
(0,8, 0,0, 0,0)
(0,8, 0,0, 0,0)
(0,8, 0,0, 0,0)
(0,8, 0,0, 0,0)
(0,8, 0,0, 0,0)
(0,8, 0,0, 0,0)
(0,8, 0,0, 0,0)
(0,8, 0,0, 0,0)
(0,8, 0,0, 0,0)
(0,8, 0,0, 0,0)
(0,8, 0,0, 0,0)
(0,8, 0,0, 0,0)
(0,8, 0,0, 0,0)
(0,8, 0,0, 0,0)
(0,9, 0,0, 0,0)
(0,9, 0,0, 0,0)
(0,9, 0,0, 0,0)
(0,9, 0,0, 0,0)
(0,9, 0,0, 0,0)
(0,9, 0,0, 0,0)
(0,9, 0,0, 0,0)
(0,9, 0,0, 0,0)
(0,9, 0,0, 0,0)
(0,9, 0,0, 0,0)
(0,9, 0,0, 0,0)
(0,9, 0,0, 0,0)
(0,9, 0,0, 0,0)
(0,9, 0,0, 0,0)
(0,9, 0,0, 0,0)
(0,9, 0,0, 0,0)
(0,9, 0,0, 0,0)
(0,9, 0,0, 0,0)
(0,9, 0,0, 0,0)
(0,9, 0,0, 0,0)
(0,9, 0,0, 0,0)
(0,9, 0,0, 0,0)
(0,9, 0,0, 0,0)
(0,9, 0,0, 0,0)
(0,9, 0,0, 0,0)
(0,9, 0,0, 0,0)
(0,9, 0,0, 0,0)
(0,9, 0,0, 0,0)
(0,9, 0,0, 0,0)
(0,9, 0,0, 0,0)
(0,9, 0,0, 0,0)
(0,9, 0,0, 0,0)
(0,9, 0,0, 0,0)
(0,9, 0,0, 0,0)
(0,9, 0,0, 0,0)
(0,9, 0,0, 0,0)
(0,9, 0,0, 0,0)
(0,9, 0,0, 0,0)
(1,0, 0,0, 0,0)
(1,0, 0,0, 0,0)
(1,0, 0,0, 0,0)
(1,0, 0,0, 0,0)
(1,0, 0,0, 0,0)
(1,0, 0,0, 0,0)
(1,0, 0,0, 0,0)
(1,0, 0,0, 0,0)
(1,0, 0,0, 0,0)
(1,0, 0,0, 0,0)
(1,0, 0,0, 0,0)
(1,0, 0,0, 0,0)
(1,0, 0,0, 0,0)
(1,0, 0,0, 0,0)
(1,0, 0,0, 0,0)
(1,0, 0,0, 0,0)
(1,0, 0,0, 0,0)
(1,0, 0,0, 0,0)
(1,0, 0,0, 0,0)
(1,0, 0,0, 0,0)
(1,0, 0,0, 0,0)
(1,0, 0,0, 0,0)
(1,0, 0,0, 0,0)
(1,0, 0,0, 0,0)
(1,0, 0,0, 0,0)
(1,0, 0,0, 0,0)
(1,0, 0,0, 0,0)
(1,0, 0,0, 0,0)
(1,0, 0,0, 0,0)
(1,0, 0,0, 0,0)
(1,0, 0,0, 0,0)
(1,0, 0,0, 0,0)
(1,1, 0,0, 0,0)
(1,1, 0,0, 0,0)
(1,1, 0,0, 0,0)
(1,1, 0,0, 0,0)
(1,1, 0,0, 0,0)
(1,1, 0,0, 0,0)
(1,1, 0,0, 0,0)
(1,1, 0,0, 0,0)
(1,1, 0,0, 0,0)
(1,1, 0,0, 0,0)
(1,1, 0,0, 0,0)
(1,1, 0,0, 0,0)
(1,1, 0,0, 0,0)
(1,1, 0,0, 0,0)
(1,1, 0,0, 0,0)
(1,1, 0,0, 0,0)
(1,1, 0,0, 0,0)
(1,1, 0,0, 0,0)
(1,1, 0,0, 0,0)
(1,1, 0,0, 0,0)
(1,1, 0,0, 0,0)
(1,1, 0,0, 0,0)
(1,1, 0,0, 0,0)
(1,1, 0,0, 0,0)
(1,1, 0,0, 0,0)
(1,1, 0,0, 0,0)
(1,1, 0,0, 0,0)
(1,1, 0,0, 0,0)
(1,1, 0,0, 0,0)
(1,1, 0,0, 0,0)
(1,1, 0,0, 0,0)
(1,1, 0,0, 0,0)
(1,1, 0,0, 0,0)
(1,1, 0,0, 0,0)
(1,1, 0,0, 0,0)
(1,1, 0,0, 0,0)
(1,1, 0,0, 0,0)
(1,2, 0,0, 0,0)
(1,2, 0,0, 0,0)
(1,2, 0,0, 0,0)
(1,2, 0,0, 0,0)
(1,2, 0,0, 0,0)
(1,2, 0,0, 0,0)
(1,2, 0,0, 0,0)
(1,2, 0,0, 0,0)
(1,2, 0,0, 0,0)
(1,2, 0,0, 0,0)
(1,2, 0,0, 0,0)
(1,2, 0,0, 0,0)
(1,2, 0,0, 0,0)
(1,2, 0,0, 0,0)
(1,2, 0,0, 0,0)
(1,2, 0,0, 0,0)
(1,2, 0,0, 0,0)
(1,2, 0,0, 0,0)
(1,2, 0,0, 0,0)
(1,2, 0,0, 0,0)
(1,2, 0,0, 0,0)
(1,2, 0,0, 0,0)
(1,2, 0,0, 0,0)
(1,2, 0,0, 0,0)
(1,2, 0,0, 0,0)
(1,2, 0,0, 0,0)
(1,2, 0,0, 0,0)
(1,2, 0,0, 0,0)
(1,2, 0,0, 0,0)
(1,2, 0,0, 0,0)
(1,2, 0,0, 0,0)
(1,2, 0,0, 0,0)
(1,2, 0,0, 0,0)
(1,3, 0,0, 0,0)
(1,3, 0,0, 0,0)
(1,3, 0,0, 0,0)
(1,3, 0,0, 0,0)
(1,3, 0,0, 0,0)
(1,3, 0,0, 0,0)
(1,3, 0,0, 0,0)
(1,3, 0,0, 0,0)
(1,3, 0,0, 0,0)
(1,3, 0,0, 0,0)
(1,3, 0,0, 0,0)
(1,3, 0,0, 0,0)
(1,3, 0,0, 0,0)
(1,3, 0,0, 0,0)
(1,3, 0,0, 0,0)
(1,3, 0,0, 0,0)
(1,3, 0,0, 0,0)
(1,3, 0,0, 0,0)
(1,3, 0,0, 0,0)
(1,3, 0,0, 0,0)
(1,3, 0,0, 0,0)
(1,3, 0,0, 0,0)
(1,3, 0,0, 0,0)
(1,3, 0,0, 0,0)
(1,3, 0,0, 0,0)
(1,3, 0,0, 0,0)
(1,3, 0,0, 0,0)
(1,3, 0,0, 0,0)
(1,3, 0,0, 0,0)
(1,3, 0,0, 0,0)
(1,3, 0,0, 0,0)
(1,3, 0,0, 0,0)
(1,4, 0,0, 0,0)
(1,4, 0,0, 0,0)
(1,4, 0,0, 0,0)
(1,4, 0,0, 0,0)
(1,4, 0,0, 0,0)
(1,4, 0,0, 0,0)
(1,4, 0,0, 0,0)
(1,4, 0,0, 0,0)
(1,4, 0,0, 0,0)
(1,4, 0,0, 0,0)
(1,4, 0,0, 0,0)
(1,4, 0,0, 0,0)
(1,4, 0,0, 0,0)
(1,4, 0,0, 0,0)
(1,4, 0,0, 0,0)
(1,4, 0,0, 0,0)
(1,4, 0,0, 0,0)
(1,4, 0,0, 0,0)
(1,4, 0,0, 0,0)
(1,4, 0,0, 0,0)
(1,4, 0,0, 0,0)
(1,4, 0,0, 0,0)
(1,4, 0,0, 0,0)
(1,4, 0,0, 0,0)
(1,4, 0,0, 0,0)
(1,4, 0,0, 0,0)
(1,4, 0,0, 0,0)
(1,4, 0,0, 0,0)
(1,4, 0,0, 0,0)
(1,4, 0,0, 0,0)
(1,4, 0,0, 0,0)
(1,4, 0,0, 0,0)
(1,4, 0,0, 0,0)
(1,4, 0,0, 0,0)
(1,4, 0,0, 0,0)
(1,4, 0,0, 0,0)
(1,5, 0,0, 0,0)
(1,5, 0,0, 0,0)
(1,5, 0,0, 0,0)
(1,5, 0,0, 0,0)
(1,5, 0,0, 0,0)
(1,5, 0,0, 0,0)
(1,5, 0,0, 0,0)
(1,5, 0,0, 0,0)
(1,5, 0,0, 0,0)
(1,5, 0,0, 0,0)
(1,5, 0,0, 0,0)
(1,5, 0,0, 0,0)
(1,5, 0,0, 0,0)
(1,5, 0,0, 0,0)
(1,5, 0,0, 0,0)
(1,5, 0,0, 0,0)
(1,5, 0,0, 0,0)
(1,5, 0,0, 0,0)
(1,5, 0,0, 0,0)
(1,5, 0,0, 0,0)
(1,5, 0,0, 0,0)
(1,5, 0,0, 0,0)
(1,5, 0,0, 0,0)
(1,5, 0,0, 0,0)
(1,5, 0,0, 0,0)
(1,5, 0,0, 0,0)
(1,5, 0,0, 0,0)
(1,5, 0,0, 0,0)
(1,5, 0,0, 0,0)
(1,5, 0,0, 0,0)
(1,5, 0,0, 0,0)
(1,5, 0,0, 0,0)
(1,6, 0,0, 0,0)
(1,6, 0,0, 0,0)
(1,6, 0,0, 0,0)
(1,6, 0,0, 0,0)
(1,6, 0,0, 0,0)
(1,6, 0,0, 0,0)
(1,6, 0,0, 0,0)
(1,6, 0,0, 0,0)
(1,6, 0,0, 0,0)
(1,6, 0,0, 0,0)
(1,6, 0,0, 0,0)
(1,6, 0,0, 0,0)
(1,6, 0,0, 0,0)
(1,6, 0,0, 0,0)
(1,6, 0,0, 0,0)
(1,6, 0,0, 0,0)
(1,6, 0,0, 0,0)
(1,6, 0,0, 0,0)
(1,6, 0,0, 0,0)
(1,6, 0,0, 0,0)
(1,6, 0,0, 0,0)
(1,6, 0,0, 0,0)
(1,6, 0,0, 0,0)
(1,6, 0,0, 0,0)
(1,6, 0,0, 0,0)
(1,6, 0,0, 0,0)
(1,6, 0,0, 0,0)
(1,6, 0,0, 0,0)
(1,6, 0,0, 0,0)
(1,6, 0,0, 0,0)
(1,6, 0,0, 0,0)
(1,6, 0,0, 0,0)
(1,6, 0,0, 0,0)
(1,6, 0,0, 0,0)
(1,6, 0,0, 0,0)
(1,6, 0,0, 0,0)
(1,6, 0,0, 0,0)
(1,7, 0,0, 0,0)
(1,7, 0,0, 0,0)
(1,7, 0,0, 0,0)
(1,7, 0,0, 0,0)
(1,7, 0,0, 0,0)
(1,7, 0,0, 0,0)
(1,7, 0,0, 0,0)
(1,7, 0,0, 0,0)
(1,7, 0,0, 0,0)
(1,7, 0,0, 0,0)
(1,7, 0,0, 0,0)
(1,7, 0,0, 0,0)
(1,7, 0,0, 0,0)
(1,7, 0,0, 0,0)
(1,7, 0,0, 0,0)
(1,7, 0,0, 0,0)
(1,7, 0,0, 0,0)
(1,7, 0,0, 0,0)
(1,7, 0,0, 0,0)
(1,7, 0,0, 0,0)
(1,7, 0,0, 0,0)
(1,7, 0,0, 0,0)
(1,7, 0,0, 0,0)
(1,7, 0,0, 0,0)
(1,7, 0,0, 0,0)
(1,7, 0,0, 0,0)
(1,7, 0,0, 0,0)
(1,7, 0,0, 0,0)
(1,7, 0,0, 0,0)
(1,7, 0,0, 0,0)
(1,7, 0,0, 0,0)
(1,7, 0,0, 0,0)
(1,8, 0,0, 0,0)
(1,8, 0,0, 0,0)
(1,8, 0,0, 0,0)
(1,8, 0,0, 0,0)
(1,8, 0,0, 0,0)
(1,8, 0,0, 0,0)
(1,8, 0,0, 0,0)
(1,8, 0,0, 0,0)
(1,8, 0,0, 0,0)
(1,8, 0,0, 0,0)
(1,8, 0,0, 0,1)
(1,8, 0,0, 0,1)
(1,8, 0,0, 0,1)
(1,8, 0,0, 0,1)
(1,8, 0,0, 0,1)
(1,8, 0,0, 0,1)
(1,8, 0,0, 0,1)
(1,8, 0,0, 0,1)
(1,8, 0,0, 0,1)
(1,8, 0,0, 0,1)
(1,8, 0,0, 0,1)
(1,8, 0,0, 0,1)
(1,8, 0,0, 0,1)
(1,8, 0,0, 0,1)
(1,8, 0,0, 0,1)
(1,8, 0,0, 0,1)
(1,8, 0,0, 0,1)
(1,8, 0,0, 0,1)
(1,8, 0,0, 0,1)
(1,8, 0,0, 0,1)
(1,8, 0,0, 0,1)
(1,8, 0,0, 0,1)
(1,9, 0,0, 0,1)
(1,9, 0,0, 0,1)
(1,9, 0,0, 0,1)
(1,9, 0,0, 0,1)
(1,9, 0,0, 0,1)
(1,9, 0,0, 0,1)
(1,9, 0,0, 0,1)
(1,9, 0,0, 0,1)
(1,9, 0,0, 0,1)
(1,9, 0,0, 0,1)
(1,9, 0,0, 0,1)
(1,9, 0,0, 0,1)
(1,9, 0,0, 0,1)
(1,9, 0,0, 0,1)
(1,9, 0,0, 0,1)
(1,9, 0,0, 0,1)
(1,9, 0,0, 0,1)
(1,9, 0,0, 0,1)
(1,9, 0,0, 0,1)
(1,9, 0,0, 0,1)
(1,9, 0,0, 0,1)
(1,9, 0,0, 0,1)
(1,9, 0,0, 0,1)
(1,9, 0,0, 0,1)
(1,9, 0,0, 0,1)
(1,9, 0,0, 0,1)
(1,9, 0,0, 0,1)
(1,9, 0,0, 0,1)
(1,9, 0,0, 0,1)
(1,9, 0,0, 0,1)
(1,9, 0,0, 0,1)
(1,9, 0,0, 0,1)
(1,9, 0,0, 0,1)
(1,9, 0,0, 0,1)
(1,9, 0,0, 0,1)
(1,9, 0,0, 0,1)
(2,0, 0,0, 0,1)
(2,0, 0,0, 0,1)
(2,0, 0,0, 0,1)
(2,0, 0,0, 0,1)
(2,0, 0,0, 0,1)
(2,0, 0,0, 0,1)
(2,0, 0,0, 0,1)
(2,0, 0,0, 0,1)
(2,0, 0,0, 0,1)
(2,0, 0,0, 0,1)
(2,0, 0,0, 0,1)
(2,0, 0,0, 0,1)
(2,0, 0,0, 0,1)
(2,0, 0,0, 0,1)
(2,0, 0,0, 0,1)
(2,0, 0,0, 0,1)
(2,0, 0,0, 0,1)
(2,0, 0,0, 0,1)
(2,0, 0,0, 0,1)
(2,0, 0,0, 0,1)
(2,0, 0,0, 0,1)
(2,0, 0,0, 0,1)
(2,0, 0,0, 0,1)
(2,0, 0,0, 0,1)
(2,0, 0,0, 0,1)
(2,0, 0,0, 0,1)
(2,0, 0,0, 0,1)
(2,0, 0,0, 0,1)
(2,0, 0,0, 0,1)
(2,0, 0,0, 0,1)
(2,0, 0,0, 0,1)
(2,0, 0,0, 0,1)
(2,1, 0,0, 0,1)
(2,1, 0,0, 0,1)
(2,1, 0,0, 0,1)
(2,1, 0,0, 0,1)
(2,1, 0,0, 0,1)
(2,1, 0,0, 0,1)
(2,1, 0,0, 0,1)
(2,1, 0,0, 0,1)
(2,1, 0,0, 0,1)
(2,1, 0,0, 0,1)
(2,1, 0,0, 0,1)
(2,1, 0,0, 0,1)
(2,1, 0,0, 0,1)
(2,1, 0,0, 0,1)
(2,1, 0,0, 0,1)
(2,1, 0,0, 0,1)
(2,1, 0,0, 0,1)
(2,1, 0,0, 0,1)
(2,1, 0,0, 0,1)
(2,1, 0,0, 0,1)
(2,1, 0,0, 0,1)
(2,1, 0,0, 0,1)
(2,1, 0,0, 0,1)
(2,1, 0,0, 0,1)
(2,1, 0,0, 0,1)
(2,1, 0,0, 0,1)
(2,1, 0,0, 0,1)
(2,1, 0,0, 0,1)
(2,1, 0,0, 0,1)
(2,1, 0,0, 0,1)
(2,1, 0,0, 0,1)
(2,2, 0,0, 0,1)
(2,2, 0,0, 0,1)
(2,2, 0,0, 0,1)
(2,2, 0,0, 0,1)
(2,2, 0,0, 0,1)
(2,2, 0,0, 0,1)
(2,2, 0,0, 0,1)
(2,2, 0,0, 0,1)
(2,2, 0,0, 0,1)
(2,2, 0,0, 0,1)
(2,2, 0,0, 0,1)
(2,2, 0,0, 0,0)
(2,2, 0,0, 0,0)
(2,2, 0,0, 0,0)
(2,2, 0,0, 0,0)
(2,2, 0,0, 0,0)
(2,2, 0,0, 0,0)
(2,2, 0,0, 0,0)
(2,2, 0,0, 0,0)
(2,2, 0,0, 0,0)
(2,2, 0,0, 0,0)
(2,2, 0,0, 0,0)
(2,2, 0,0, 0,0)
(2,2, 0,0, 0,0)
(2,2, 0,0, 0,0)
(2,2, 0,0, 0,0)
(2,2, 0,0, 0,0)
(2,2, 0,0, 0,0)
(2,2, 0,0, 0,0)
(2,2, 0,0, 0,0)
(2,2, 0,0, 0,0)
(2,2, 0,0, 0,0)
(2,2, 0,0, 0,0)
(2,2, 0,0, 0,0)
(2,2, 0,0, 0,0)
(2,2, 0,0, 0,0)
(2,2, 0,0, 0,0)
(2,3, 0,0, 0,0)
(2,3, 0,0, 0,0)
(2,3, 0,0, 0,0)
(2,3, 0,0, 0,0)
(2,3, 0,0, 0,0)
(2,3, 0,0, 0,0)
(2,3, 0,0, 0,0)
(2,3, 0,0, 0,0)
(2,3, 0,0, 0,0)
(2,3, 0,0, 0,0)
(2,3, 0,0, 0,0)
(2,3, 0,0, 0,0)
(2,3, 0,0, 0,0)
(2,3, 0,0, 0,0)
(2,3, 0,0, 0,0)
(2,3, 0,0, 0,0)
(2,3, 0,0, 0,0)
(2,3, 0,0, 0,0)
(2,3, 0,0, 0,0)
(2,3, 0,0, 0,0)
(2,3, 0,0, 0,0)
(2,3, 0,0, 0,0)
(2,3, 0,0, 0,0)
(2,3, 0,0, 0,0)
(2,3, 0,0, 0,0)
(2,3, 0,0, 0,0)
(2,3, 0,0, 0,0)
(2,3, 0,0, 0,0)
(2,3, 0,0, 0,0)
(2,3, 0,0, 0,0)
(2,3, 0,0, 0,0)
(2,4, 0,0, 0,0)
(2,4, 0,0, 0,0)
(2,4, 0,0, 0,0)
(2,4, 0,0, 0,0)
(2,4, 0,0, 0,0)
(2,4, 0,0, 0,0)
(2,4, 0,0, 0,0)
(2,4, 0,0, 0,0)
(2,4, 0,0, 0,0)
(2,4, 0,0, 0,0)
(2,4, 0,0, 0,0)
(2,4, 0,0, 0,0)
(2,4, 0,0, 0,0)
(2,4, 0,0, 0,0)
(2,4, 0,0, 0,0)
(2,4, 0,0, 0,0)
(2,4, 0,0, 0,0)
(2,4, 0,0, 0,0)
(2,4, 0,0, 0,0)
(2,4, 0,0, 0,0)
(2,4, 0,0, 0,0)
(2,4, 0,0, 0,0)
(2,4, 0,0, 0,0)
(2,4, 0,0, 0,0)
(2,4, 0,0, 0,0)
(2,4, 0,0, 0,0)
(2,4, 0,0, 0,0)
(2,4, 0,0, 0,0)
(2,4, 0,0, 0,0)
(2,4, 0,0, 0,0)
(2,4, 0,0, 0,0)
(2,4, 0,0, 0,0)
(2,5, 0,0, 0,0)
(2,5, 0,0, 0,0)
(2,5, 0,0, 0,0)
(2,5, 0,0, 0,0)
(2,5, 0,0, 0,0)
(2,5, 0,0, 0,0)
(2,5, 0,0, 0,0)
(2,5, 0,0, 0,0)
(2,5, 0,0, 0,0)
(2,5, 0,0, 0,0)
(2,5, 0,0, 0,0)
(2,5, 0,0, 0,0)
(2,5, 0,0, 0,0)
(2,5, 0,0, 0,0)
(2,5, 0,0, 0,0)
(2,5, 0,0, 0,0)
(2,5, 0,0, 0,0)
(2,5, 0,0, 0,0)
(2,5, 0,0, 0,0)
(2,5, 0,0, 0,0)
(2,5, 0,0, 0,0)
(2,5, 0,0, 0,0)
(2,5, 0,0, 0,0)
(2,5, 0,0, 0,0)
(2,5, 0,0, 0,0)
(2,5, 0,0, 0,0)
(2,5, 0,0, 0,0)
(2,5, 0,0, 0,0)
(2,5, 0,0, 0,0)
(2,5, 0,0, 0,0)
(2,5, 0,0, 0,0)
(2,5, 0,0, 0,0)
(2,6, 0,0, 0,0)
(2,6, 0,0, 0,0)
(2,6, 0,0, 0,0)
(2,6, 0,0, 0,0)
(2,6, 0,0, 0,0)
(2,6, 0,0, 0,0)
(2,6, 0,0, 0,0)
(2,6, 0,0, 0,0)
(2,6, 0,0, 0,0)
(2,6, 0,0, 0,0)
(2,6, 0,0, 0,0)
(2,6, 0,0, 0,0)
(2,6, 0,0, 0,0)
(2,6, 0,0, 0,0)
(2,6, 0,0, 0,0)
(2,6, 0,0, -0,1)
(2,6, 0,0, -0,1)
(2,6, 0,0, -0,1)
(2,6, 0,0, -0,1)
(2,6, 0,0, -0,1)
(2,6, 0,0, -0,1)
(2,6, 0,0, -0,1)
(2,6, 0,0, -0,1)
(2,6, 0,0, -0,1)
(2,6, 0,0, -0,1)
(2,6, 0,0, -0,1)
(2,6, 0,0, -0,1)
(2,6, 0,0, -0,1)
(2,6, 0,0, -0,1)
(2,6, 0,0, -0,1)
(2,6, 0,0, -0,1)
(2,6, 0,0, -0,1)
(2,6, 0,0, -0,1)
(2,6, 0,0, -0,1)
(2,6, 0,0, -0,1)
(2,6, 0,0, -0,1)
(2,7, 0,0, -0,1)
(2,7, 0,0, -0,1)
(2,7, 0,0, -0,1)
(2,7, 0,0, -0,1)
(2,7, 0,0, -0,1)
(2,7, 0,0, -0,1)
(2,7, 0,0, -0,1)
(2,7, 0,0, -0,1)
(2,7, 0,0, -0,1)
(2,7, 0,0, -0,1)
(2,7, 0,0, -0,1)
(2,7, 0,0, -0,1)
(2,7, 0,0, -0,1)
(2,7, 0,0, -0,1)
(2,7, 0,0, -0,1)
(2,7, 0,0, -0,1)
(2,7, 0,0, -0,1)
(2,7, 0,0, -0,1)
(2,7, 0,0, -0,1)
(2,7, 0,0, -0,1)
(2,7, 0,0, -0,1)
(2,7, 0,0, -0,1)
(2,7, 0,0, -0,1)
(2,7, 0,0, -0,1)
(2,7, 0,0, -0,1)
(2,7, 0,0, -0,1)
(2,7, 0,0, -0,1)
(2,7, 0,0, -0,1)
(2,7, 0,0, -0,1)
(2,7, 0,0, -0,1)
(2,7, 0,0, -0,1)
(2,7, 0,0, -0,1)
(2,8, 0,0, -0,1)
(2,8, 0,0, -0,1)
(2,8, 0,0, -0,1)
(2,8, 0,0, -0,1)
(2,8, 0,0, -0,1)
(2,8, 0,0, -0,1)
(2,8, 0,0, -0,1)
(2,8, 0,0, -0,1)
(2,8, 0,0, -0,1)
(2,8, 0,0, -0,1)
(2,8, 0,0, -0,1)
(2,8, 0,0, -0,1)
(2,8, 0,0, -0,1)
(2,8, 0,0, -0,1)
(2,8, 0,0, -0,1)
(2,8, 0,0, -0,1)
(2,8, 0,0, -0,1)
(2,8, 0,0, -0,1)
(2,8, 0,0, -0,1)
(2,8, 0,0, -0,1)
(2,8, 0,0, -0,1)
(2,8, 0,0, -0,1)
(2,8, 0,0, -0,1)
(2,8, 0,0, -0,1)
(2,8, 0,0, -0,1)
(2,8, 0,0, -0,1)
(2,8, 0,0, -0,1)
(2,8, 0,0, -0,1)
(2,8, 0,0, -0,1)
(2,8, 0,0, -0,1)
(2,8, 0,0, -0,1)
(2,9, 0,0, -0,1)
(2,9, 0,0, -0,1)
(2,9, 0,0, -0,1)
(2,9, 0,0, -0,1)
(2,9, 0,0, -0,1)
(2,9, 0,0, -0,1)
(2,9, 0,0, -0,1)
(2,9, 0,0, -0,1)
(2,9, 0,0, -0,1)
(2,9, 0,0, -0,1)
(2,9, 0,0, -0,1)
(2,9, 0,0, -0,1)
(2,9, 0,0, -0,1)
(2,9, 0,0, -0,1)
(2,9, 0,0, -0,1)
(2,9, 0,0, -0,1)
(2,9, 0,0, -0,1)
(2,9, 0,0, -0,1)
(2,9, 0,0, -0,1)
(2,9, 0,0, -0,1)
(2,9, 0,0, -0,1)
(2,9, 0,0, -0,1)
(2,9, 0,0, -0,1)
(2,9, 0,0, -0,1)
(2,9, 0,0, -0,1)
(2,9, 0,0, -0,1)
(2,9, 0,0, -0,1)
(2,9, 0,0, -0,1)
(2,9, 0,0, -0,1)
(2,9, 0,0, -0,1)
(2,9, 0,0, -0,1)
(3,0, 0,0, -0,1)
(3,0, 0,0, -0,1)
(3,0, 0,0, -0,1)
(3,0, 0,0, -0,1)
(3,0, 0,0, -0,1)
(3,0, 0,0, -0,1)
(3,0, 0,0, -0,1)
(3,0, 0,0, -0,1)
(3,0, 0,0, -0,1)
(3,0, 0,0, -0,1)
(3,0, 0,0, -0,1)
(3,0, 0,0, -0,2)
(3,0, 0,0, -0,2)
(3,0, 0,0, -0,2)
(3,0, 0,0, -0,2)
(3,0, 0,0, -0,2)
(3,0, 0,0, -0,2)
(3,0, 0,0, -0,2)
(3,0, 0,0, -0,2)
(3,0, 0,0, -0,2)
(3,0, 0,0, -0,2)
(3,0, 0,0, -0,2)
(3,0, 0,0, -0,2)
(3,0, 0,0, -0,2)
(3,0, 0,0, -0,2)
(3,0, 0,0, -0,2)
(3,0, 0,0, -0,2)
(3,0, 0,0, -0,2)
(3,0, 0,0, -0,2)
(3,0, 0,0, -0,2)
(3,0, 0,0, -0,2)
(3,1, 0,0, -0,2)
(3,1, 0,0, -0,2)
(3,1, 0,0, -0,2)
(3,1, 0,0, -0,2)
(3,1, 0,0, -0,2)
(3,1, 0,0, -0,2)
(3,1, 0,0, -0,2)
(3,1, 0,0, -0,2)
(3,1, 0,0, -0,2)
(3,1, 0,0, -0,2)
(3,1, 0,0, -0,2)
(3,1, 0,0, -0,2)
(3,1, 0,0, -0,2)
(3,1, 0,0, -0,2)
(3,1, 0,0, -0,2)
(3,1, 0,0, -0,2)
(3,1, 0,0, -0,2)
(3,1, 0,0, -0,2)
(3,1, 0,0, -0,2)
(3,1, 0,0, -0,2)
(3,1, 0,0, -0,2)
(3,1, 0,0, -0,2)
(3,1, 0,0, -0,2)
(3,1, 0,0, -0,2)
(3,1, 0,0, -0,2)
(3,1, 0,0, -0,2)
(3,1, 0,0, -0,2)
(3,1, 0,0, -0,2)
(3,1, 0,0, -0,2)
(3,1, 0,0, -0,2)
(3,1, 0,0, -0,2)
(3,1, 0,0, -0,2)
(3,1, 0,0, -0,2)
(3,2, 0,0, -0,2)
(3,2, 0,0, -0,2)
(3,2, 0,0, -0,2)
(3,2, 0,0, -0,2)
(3,2, 0,0, -0,2)
(3,2, 0,0, -0,2)
(3,2, 0,0, -0,2)
(3,2, 0,0, -0,2)
(3,2, 0,0, -0,2)
(3,2, 0,0, -0,2)
(3,2, 0,0, -0,2)
(3,2, 0,0, -0,2)
(3,2, 0,0, -0,2)
(3,2, 0,0, -0,2)
(3,2, 0,0, -0,2)
(3,2, 0,0, -0,2)
(3,2, 0,0, -0,2)
(3,2, 0,0, -0,2)
(3,2, 0,0, -0,2)
(3,2, 0,0, -0,2)
(3,2, 0,0, -0,2)
(3,2, 0,0, -0,2)
(3,2, 0,0, -0,2)
(3,2, 0,0, -0,2)
(3,2, 0,0, -0,2)
(3,2, 0,0, -0,2)
(3,2, 0,0, -0,2)
(3,2, 0,0, -0,2)
(3,2, 0,0, -0,2)
(3,2, 0,0, -0,2)
(3,2, 0,0, -0,2)
(3,2, 0,0, -0,2)
(3,2, 0,0, -0,2)
(3,2, 0,0, -0,2)
(3,2, 0,0, -0,2)
(3,2, 0,0, -0,2)
(3,3, 0,0, -0,2)
(3,3, 0,0, -0,2)
(3,3, 0,0, -0,2)
(3,3, 0,0, -0,2)
(3,3, 0,0, -0,2)
(3,3, 0,0, -0,2)
(3,3, 0,0, -0,2)
(3,3, 0,0, -0,2)
(3,3, 0,0, -0,2)
(3,3, 0,0, -0,2)
(3,3, 0,0, -0,2)
(3,3, 0,0, -0,2)
(3,3, 0,0, -0,2)
(3,3, 0,0, -0,2)
(3,3, 0,0, -0,2)
(3,3, 0,0, -0,2)
(3,3, 0,0, -0,2)
(3,3, 0,0, -0,2)
(3,3, 0,0, -0,2)
(3,3, 0,0, -0,2)
(3,3, 0,0, -0,2)
(3,3, 0,0, -0,2)
(3,3, 0,0, -0,2)
(3,3, 0,0, -0,2)
(3,3, 0,0, -0,2)
(3,3, 0,0, -0,2)
(3,3, 0,0, -0,2)
(3,3, 0,0, -0,2)
(3,3, 0,0, -0,2)
(3,3, 0,0, -0,2)
(3,3, 0,0, -0,2)
(3,3, 0,0, -0,2)
(3,4, 0,0, -0,2)
(3,4, 0,0, -0,2)
(3,4, 0,0, -0,2)
(3,4, 0,0, -0,2)
(3,4, 0,0, -0,2)
(3,4, 0,0, -0,2)
(3,4, 0,0, -0,2)
(3,4, 0,0, -0,2)
(3,4, 0,0, -0,2)
(3,4, 0,0, -0,2)
(3,4, 0,0, -0,2)
(3,4, 0,0, -0,3)
(3,4, 0,0, -0,3)
(3,4, 0,0, -0,3)
(3,4, 0,0, -0,3)
(3,4, 0,0, -0,3)
(3,4, 0,0, -0,3)
(3,4, 0,0, -0,3)
(3,4, 0,0, -0,3)
(3,4, 0,0, -0,3)
(3,4, 0,0, -0,3)
(3,4, 0,0, -0,3)
(3,4, 0,0, -0,3)
(3,4, 0,0, -0,3)
(3,4, 0,0, -0,3)
(3,4, 0,0, -0,3)
(3,4, 0,0, -0,3)
(3,4, 0,0, -0,3)
(3,4, 0,0, -0,3)
(3,4, 0,0, -0,3)
(3,4, 0,0, -0,3)
(3,4, 0,0, -0,3)
(3,5, 0,0, -0,3)
(3,5, 0,0, -0,3)
(3,5, 0,0, -0,3)
(3,5, 0,0, -0,3)
(3,5, 0,0, -0,3)
(3,5, 0,0, -0,3)
(3,5, 0,0, -0,3)
(3,5, 0,0, -0,3)
(3,5, 0,0, -0,3)
(3,5, 0,0, -0,3)
(3,5, 0,0, -0,3)
(3,5, 0,0, -0,3)
(3,5, 0,0, -0,3)
(3,5, 0,0, -0,3)
(3,5, 0,0, -0,3)
(3,5, 0,0, -0,3)
(3,5, 0,0, -0,3)
(3,5, 0,0, -0,3)
(3,5, 0,0, -0,3)
(3,5, 0,0, -0,3)
(3,5, 0,0, -0,3)
(3,5, 0,0, -0,3)
(3,5, 0,0, -0,3)
(3,5, 0,0, -0,3)
(3,5, 0,0, -0,3)
(3,5, 0,0, -0,3)
(3,5, 0,0, -0,3)
(3,5, 0,0, -0,3)
(3,5, 0,0, -0,3)
(3,5, 0,0, -0,3)
(3,5, 0,0, -0,3)
(3,5, 0,0, -0,3)
(3,6, 0,0, -0,3)
(3,6, 0,0, -0,3)
(3,6, 0,0, -0,3)
(3,6, 0,0, -0,3)
(3,6, 0,0, -0,3)
(3,6, 0,0, -0,3)
(3,6, 0,0, -0,3)
(3,6, 0,0, -0,3)
(3,6, 0,0, -0,3)
(3,6, 0,0, -0,3)
(3,6, 0,0, -0,3)
(3,6, 0,0, -0,3)
(3,6, 0,0, -0,3)
(3,6, 0,0, -0,3)
(3,6, 0,0, -0,3)
(3,6, 0,0, -0,3)
(3,6, 0,0, -0,3)
(3,6, 0,0, -0,3)
(3,6, 0,0, -0,3)
(3,6, 0,0, -0,3)
(3,6, 0,0, -0,3)
(3,6, 0,0, -0,3)
(3,6, 0,0, -0,3)
(3,6, 0,0, -0,3)
(3,6, 0,0, -0,3)
(3,6, 0,0, -0,3)
(3,6, 0,0, -0,3)
(3,6, 0,0, -0,3)
(3,6, 0,0, -0,3)
(3,6, 0,0, -0,3)
(3,6, 0,0, -0,3)
(3,6, 0,0, -0,3)
(3,7, 0,0, -0,3)
(3,7, 0,0, -0,3)
(3,7, 0,0, -0,3)
(3,7, 0,0, -0,3)
(3,7, 0,0, -0,3)
(3,7, 0,0, -0,3)
(3,7, 0,0, -0,3)
(3,7, 0,0, -0,3)
(3,7, 0,0, -0,3)
(3,7, 0,0, -0,3)
(3,7, 0,0, -0,3)
(3,7, 0,7, -0,3)
(3,7, 0,7, -0,3)
(3,7, 0,7, -0,3)
(3,7, 0,7, -0,3)
(3,7, 0,7, -0,3)
(3,7, 1,3, -0,3)
(3,7, 1,3, -0,3)
(3,7, 1,3, -0,3)
(3,7, 1,3, -0,3)
(3,7, 1,3, -0,3)
(3,7, 1,9, -0,3)
(3,7, 1,9, -0,3)
(3,7, 1,9, -0,3)
(3,7, 1,9, -0,3)
(3,7, 1,9, -0,3)
(3,7, 1,9, -0,3)
(3,8, 2,4, -0,3)
(3,8, 2,4, -0,3)
(3,8, 2,4, -0,3)
(3,8, 2,4, -0,3)
(3,8, 2,4, -0,3)
(3,8, 2,9, -0,3)
(3,8, 2,9, -0,3)
(3,8, 2,9, -0,3)
(3,8, 2,9, -0,3)
(3,8, 2,9, -0,3)
(3,8, 3,3, -0,3)
(3,8, 3,3, -0,3)
(3,8, 3,3, -0,3)
(3,8, 3,3, -0,3)
(3,8, 3,3, -0,3)
(3,8, 3,3, -0,3)
(3,8, 3,7, -0,3)
(3,8, 3,7, -0,3)
(3,8, 3,7, -0,3)
(3,8, 3,7, -0,3)
(3,9, 4,0, -0,3)
(3,9, 4,0, -0,3)
(3,9, 4,0, -0,3)
(3,9, 4,0, -0,3)
(3,9, 4,0, -0,3)
(3,9, 4,0, -0,3)
(3,9, 4,3, -0,3)
(3,9, 4,3, -0,3)
(3,9, 4,3, -0,3)
(3,9, 4,3, -0,3)
(3,9, 4,3, -0,3)
(3,9, 4,5, -0,3)
(3,9, 4,5, -0,3)
(3,9, 4,5, -0,3)
(3,9, 4,5, -0,3)
(3,9, 4,5, -0,3)
(4,0, 4,8, -0,3)
(4,0, 4,8, -0,3)
(4,0, 4,8, -0,3)
(4,0, 4,8, -0,3)
(4,0, 4,8, -0,3)
(4,0, 4,8, -0,3)
(4,0, 5,0, -0,3)
(4,0, 5,0, -0,3)
(4,0, 5,0, -0,3)
(4,0, 5,0, -0,3)
(4,0, 5,0, -0,3)
(4,0, 5,1, -0,3)
(4,0, 5,1, -0,3)
(4,0, 5,1, -0,3)
(4,0, 5,1, -0,3)
(4,0, 5,1, -0,3)
(4,1, 5,3, -0,3)
(4,1, 5,3, -0,3)
(4,1, 5,3, -0,3)
(4,1, 5,3, -0,3)
(4,1, 5,3, -0,3)
(4,1, 5,4, -0,3)
(4,1, 5,4, -0,3)
(4,1, 5,4, -0,3)
(4,1, 5,4, -0,3)
(4,1, 5,4, -0,3)
(4,1, 5,4, -0,3)
(4,1, 5,6, -0,3)
(4,1, 5,6, -0,3)
(4,1, 5,6, -0,3)
(4,1, 5,6, -0,3)
(4,1, 5,6, -0,3)
(4,2, 5,7, -0,3)
(4,2, 5,7, -0,3)
(4,2, 5,7, -0,3)
(4,2, 5,7, -0,3)
(4,2, 5,7, -0,3)
(4,2, 5,7, -0,3)
(4,2, 5,8, -0,3)
(4,2, 5,8, -0,3)
(4,2, 5,8, -0,3)
(4,2, 5,8, -0,3)
(4,2, 5,8, -0,3)
(4,2, 5,8, -0,3)
(4,2, 5,8, -0,3)
(4,2, 5,8, -0,3)
(4,2, 5,8, -0,3)
(4,2, 5,8, -0,3)
(4,3, 5,9, -0,3)
(4,3, 5,9, -0,3)
(4,3, 5,9, -0,3)
(4,3, 5,9, -0,3)
(4,3, 6,0, -0,3)
(4,3, 6,0, -0,3)
(4,3, 6,0, -0,3)
(4,3, 6,0, -0,3)
(4,3, 6,0, -0,3)
(4,3, 6,0, -0,3)
(4,3, 6,0, -0,3)
(4,3, 6,0, -0,3)
(4,3, 6,0, -0,3)
(4,4, 6,1, -0,3)
(4,4, 6,1, -0,3)
(4,4, 6,1, -0,3)
(4,4, 6,1, -0,3)
(4,4, 6,1, -0,3)
(4,4, 6,1, -0,3)
(4,4, 6,1, -0,3)
(4,4, 6,1, -0,3)
(4,4, 6,1, -0,3)
(4,4, 6,1, -0,3)
(4,5, 6,1, -0,3)
(4,5, 6,1, -0,3)
(4,5, 6,1, -0,3)
(4,5, 6,1, -0,3)
(4,5, 6,1, -0,3)
(4,5, 6,1, -0,3)
(4,5, 6,1, -0,3)
(4,5, 6,1, -0,3)
(4,5, 6,1, -0,3)
(4,5, 6,1, -0,3)
(4,5, 6,1, -0,3)
(4,5, 6,1, -0,3)
(4,5, 6,1, -0,3)
(4,5, 6,1, -0,3)
(4,5, 6,1, -0,3)
(4,5, 6,1, -0,3)
(4,6, 6,2, -0,3)
(4,6, 6,2, -0,3)
(4,6, 6,2, -0,3)
(4,6, 6,2, -0,3)
(4,6, 6,2, -0,3)
(4,6, 6,2, -0,3)
(4,6, 6,2, -0,3)
(4,6, 6,2, -0,3)
(4,6, 6,2, -0,3)
(4,6, 6,2, -0,3)
(4,6, 6,2, -0,3)
(4,6, 6,2, -0,3)
(4,6, 6,2, -0,3)
(4,6, 6,2, -0,3)
(4,6, 6,2, -0,3)
(4,6, 6,2, -0,3)
(4,7, 6,2, -0,3)
(4,7, 6,2, -0,3)
(4,7, 6,2, -0,3)
(4,7, 6,2, -0,3)
(4,7, 6,2, -0,3)
(4,7, 6,1, -0,3)
(4,7, 6,1, -0,3)
(4,7, 6,1, -0,3)
(4,7, 6,1, -0,3)
(4,7, 6,1, -0,3)
(4,8, 6,1, -0,3)
(4,8, 6,1, -0,3)
(4,8, 6,1, -0,3)
(4,8, 6,1, -0,3)
(4,8, 6,1, -0,3)
(4,8, 6,1, -0,3)
(4,8, 6,1, -0,3)
(4,8, 6,1, -0,3)
(4,8, 6,1, -0,3)
(4,8, 6,1, -0,3)
(4,8, 6,1, -0,3)
(4,8, 6,1, -0,3)
(4,8, 6,1, -0,3)
(4,8, 6,1, -0,3)
(4,8, 6,1, -0,3)
(4,8, 6,1, -0,3)
(4,8, 6,1, -0,3)
(4,9, 6,1, -0,3)
(4,9, 6,1, -0,3)
(4,9, 6,1, -0,3)
(4,9, 6,1, -0,3)
(4,9, 6,1, -0,3)
(4,9, 6,1, -0,3)
(4,9, 6,1, -0,3)
(4,9, 6,1, -0,3)
(4,9, 6,1, -0,3)
(4,9, 6,1, -0,3)
(4,9, 6,1, -0,3)
(5,0, 6,0, -0,3)
(5,0, 6,0, -0,3)
(5,0, 6,0, -0,3)
(5,0, 6,0, -0,3)
(5,0, 6,0, -0,3)
(5,0, 6,0, -0,3)
(5,0, 6,0, -0,3)
(5,0, 6,0, -0,3)
(5,0, 6,0, -0,3)
(5,0, 6,0, -0,3)
(5,0, 6,0, -0,3)
(5,0, 6,0, -0,3)
(5,0, 6,0, -0,3)
(5,0, 6,0, -0,3)
(5,0, 6,0, -0,3)
(5,0, 6,0, -0,3)
(5,0, 6,0, -0,3)
(5,1, 6,0, -0,3)
(5,1, 6,0, -0,3)
(5,1, 6,0, -0,3)
(5,1, 6,0, -0,3)
(5,1, 6,0, -0,3)
(5,1, 5,9, -0,3)
(5,1, 5,9, -0,3)
(5,1, 5,9, -0,3)
(5,1, 5,9, -0,3)
(5,1, 5,9, -0,3)
(5,2, 5,9, -0,3)
(5,2, 5,9, -0,3)
(5,2, 5,9, -0,3)
(5,2, 5,9, -0,3)
(5,2, 5,9, -0,3)
(5,2, 5,9, -0,3)
(5,2, 5,9, -0,3)
(5,2, 5,9, -0,3)
(5,2, 5,9, -0,3)
(5,2, 5,9, -0,3)
(5,2, 5,9, -0,3)
(5,2, 5,8, -0,3)
(5,2, 5,8, -0,3)
(5,2, 5,8, -0,3)
(5,2, 5,8, -0,3)
(5,2, 5,8, -0,3)
(5,3, 5,8, -0,3)
(5,3, 5,8, -0,3)
(5,3, 5,8, -0,3)
(5,3, 5,8, -0,3)
(5,3, 5,8, -0,3)
(5,3, 5,8, -0,3)
(5,3, 5,8, -0,3)
(5,3, 5,8, -0,3)
(5,3, 5,8, -0,3)
(5,3, 5,8, -0,3)
(5,3, 5,8, -0,3)
(5,4, 5,7, -0,3)
(5,4, 5,7, -0,3)
(5,4, 5,7, -0,3)
(5,4, 5,7, -0,3)
(5,4, 5,7, -0,3)
(5,4, 5,7, -0,3)
(5,4, 5,7, -0,3)
(5,4, 5,7, -0,3)
(5,4, 5,7, -0,3)
(5,4, 5,7, -0,3)
(5,4, 5,7, -0,3)
(5,4, 5,7, -0,3)
(5,4, 5,7, -0,3)
(5,4, 5,7, -0,3)
(5,4, 5,7, -0,3)
(5,4, 5,7, -0,3)
(5,4, 5,7, -0,3)
(5,5, 5,6, -0,3)
(5,5, 5,6, -0,3)
(5,5, 5,6, -0,3)
(5,5, 5,6, -0,3)
(5,5, 5,6, -0,3)
(5,5, 5,6, -0,3)
(5,5, 5,6, -0,3)
(5,5, 5,6, -0,3)
(5,5, 5,6, -0,3)
(5,5, 5,6, -0,3)
(5,5, 5,6, -0,3)
(5,6, 5,6, -0,3)
(5,6, 5,6, -0,3)
(5,6, 5,6, -0,3)
(5,6, 5,6, -0,3)
(5,6, 5,5, -0,3)
(5,6, 5,5, -0,3)
(5,6, 5,5, -0,3)
(5,6, 5,5, -0,3)
(5,6, 5,5, -0,3)
(5,6, 5,5, -0,3)
(5,6, 5,5, -0,3)
(5,6, 5,5, -0,3)
(5,6, 5,5, -0,3)
(5,6, 5,5, -0,3)
(5,6, 5,5, -0,3)
(5,7, 5,4, -0,3)
(5,7, 5,4, -0,3)
(5,7, 5,4, -0,3)
(5,7, 5,4, -0,3)
(5,7, 5,4, -0,3)
(5,7, 5,4, -0,3)
(5,7, 5,4, -0,3)
(5,7, 5,4, -0,3)
(5,7, 5,4, -0,3)
(5,7, 5,4, -0,3)
(5,7, 5,4, -0,3)
(5,8, 5,4, -0,3)
(5,8, 5,4, -0,3)
(5,8, 5,4, -0,3)
(5,8, 5,4, -0,3)
(5,8, 5,4, -0,3)
(5,8, 5,4, -0,3)
(5,8, 5,3, -0,3)
(5,8, 5,3, -0,3)
(5,8, 5,3, -0,3)
(5,8, 5,3, -0,3)
(5,8, 5,3, -0,3)
(5,8, 5,3, -0,3)
(5,8, 5,3, -0,3)
(5,8, 5,3, -0,3)
(5,8, 5,3, -0,3)
(5,8, 5,3, -0,3)
(5,9, 5,3, -0,3)
(5,9, 5,3, -0,3)
(5,9, 5,3, -0,3)
(5,9, 5,3, -0,3)
(5,9, 5,3, -0,3)
(5,9, 5,2, -0,3)
(5,9, 5,2, -0,3)
(5,9, 5,2, -0,3)
(5,9, 5,2, -0,3)
(5,9, 5,2, -0,3)
(5,9, 5,2, -0,3)
(6,0, 5,2, -0,3)
(6,0, 5,2, -0,3)
(6,0, 5,2, -0,3)
(6,0, 5,2, -0,3)
(6,0, 5,2, -0,3)
(6,0, 5,1, -0,3)
(6,0, 5,1, -0,3)
(6,0, 5,1, -0,3)
(6,0, 5,1, -0,3)
(6,0, 5,1, -0,3)
(6,0, 5,1, -0,3)
(6,0, 5,1, -0,3)
(6,0, 5,1, -0,3)
(6,0, 5,1, -0,3)
(6,0, 5,1, -0,3)
(6,0, 5,1, -0,3)
(6,1, 5,1, -0,3)
(6,1, 5,1, -0,3)
(6,1, 5,1, -0,3)
(6,1, 5,1, -0,3)
(6,1, 5,1, -0,3)
(6,1, 5,0, -0,3)
(6,1, 5,0, -0,3)
(6,1, 5,0, -0,3)
(6,1, 5,0, -0,3)
(6,1, 5,0, -0,3)
(6,1, 5,0, -0,3)
(6,2, 5,0, -0,3)
(6,2, 5,0, -0,3)
(6,2, 5,0, -0,3)
(6,2, 5,0, -0,3)
(6,2, 5,0, -0,3)
(6,2, 5,0, -0,3)
(6,2, 4,9, -0,3)
(6,2, 4,9, -0,3)
(6,2, 4,9, -0,3)
(6,2, 4,9, -0,3)
(6,2, 4,9, -0,3)
(6,2, 4,9, -0,3)
(6,2, 4,9, -0,3)
(6,2, 4,9, -0,3)
(6,2, 4,9, -0,3)
(6,2, 4,9, -0,3)
(6,3, 4,9, -0,3)
(6,3, 4,9, -0,3)
(6,3, 4,9, -0,3)
(6,3, 4,9, -0,3)
(6,3, 4,9, -0,3)
(6,3, 4,9, -0,3)
(6,3, 4,8, -0,3)
(6,3, 4,8, -0,3)
(6,3, 4,8, -0,3)
(6,3, 4,8, -0,3)
(6,3, 4,8, -0,3)
(6,4, 4,8, -0,3)
(6,4, 4,8, -0,3)
(6,4, 4,8, -0,3)
(6,4, 4,8, -0,3)
(6,4, 4,8, -0,3)
(6,4, 4,8, -0,3)
(6,4, 4,7, -0,3)
(6,4, 4,7, -0,3)
(6,4, 4,7, -0,3)
(6,4, 4,7, -0,3)
(6,4, 4,7, -0,3)
(6,4, 4,7, -0,3)
(6,4, 4,7, -0,3)
(6,4, 4,7, -0,3)
(6,4, 4,7, -0,3)
(6,4, 4,7, -0,3)
(6,4, 4,7, -0,3)
(6,5, 4,7, -0,3)
(6,5, 4,7, -0,3)
(6,5, 4,7, -0,3)
(6,5, 4,7, -0,3)
(6,5, 4,6, -0,3)
(6,5, 4,6, -0,3)
(6,5, 4,6, -0,3)
(6,5, 4,6, -0,3)
(6,5, 4,6, -0,3)
(6,5, 4,6, -0,3)
(6,6, 4,6, -0,3)
(6,6, 4,6, -0,3)
(6,6, 4,6, -0,3)
(6,6, 4,6, -0,3)
(6,6, 4,6, -0,3)
(6,6, 4,5, -0,3)
(6,6, 4,5, -0,3)
(6,6, 4,5, -0,3)
(6,6, 4,5, -0,3)
(6,6, 4,5, -0,3)
(6,6, 4,5, -0,3)
(6,6, 4,5, -0,3)
(6,6, 4,5, -0,3)
(6,6, 4,5, -0,3)
(6,6, 4,5, -0,3)
(6,6, 4,5, -0,3)
(6,7, 4,4, -0,3)
(6,7, 4,4, -0,3)
(6,7, 4,4, -0,3)
(6,7, 4,4, -0,3)
(6,7, 4,4, -0,3)
(6,7, 4,4, -0,3)
(6,7, 4,4, -0,3)
(6,7, 4,4, -0,3)
(6,7, 4,4, -0,3)
(6,7, 4,4, -0,3)
(6,7, 4,4, -0,3)
(6,8, 4,4, -0,3)
(6,8, 4,4, -0,3)
(6,8, 4,4, -0,3)
(6,8, 4,4, -0,3)
(6,8, 4,4, -0,3)
(6,8, 4,4, -0,3)
(6,8, 4,3, -0,3)
(6,8, 4,3, -0,3)
(6,8, 4,3, -0,3)
(6,8, 4,3, -0,3)
(6,8, 4,3, -0,3)
(6,8, 4,3, -0,3)
(6,8, 4,3, -0,3)
(6,8, 4,3, -0,3)
(6,8, 4,3, -0,3)
(6,8, 4,3, -0,3)
(6,9, 4,2, -0,3)
(6,9, 4,2, -0,3)
(6,9, 4,2, -0,3)
(6,9, 4,2, -0,3)
(6,9, 4,2, -0,3)
(6,9, 4,2, -0,3)
(6,9, 4,2, -0,3)
(6,9, 4,2, -0,3)
(6,9, 4,2, -0,3)
(6,9, 4,2, -0,3)
(7,0, 4,2, -0,3)
(7,0, 4,2, -0,3)
(7,0, 4,2, -0,3)
(7,0, 4,2, -0,3)
(7,0, 4,2, -0,3)
(7,0, 4,1, -0,3)
(7,0, 4,1, -0,3)
(7,0, 4,1, -0,3)
(7,0, 4,1, -0,3)
(7,0, 4,1, -0,3)
(7,0, 4,1, -0,3)
(7,0, 4,1, -0,3)
(7,0, 4,1, -0,3)
(7,0, 4,1, -0,3)
(7,0, 4,1, -0,3)
(7,0, 4,1, -0,3)
(7,1, 4,0, -0,3)
(7,1, 4,0, -0,3)
(7,1, 4,0, -0,3)
(7,1, 4,0, -0,3)
(7,1, 4,0, -0,3)
(7,1, 4,0, -0,3)
(7,1, 4,0, -0,3)
(7,1, 4,0, -0,3)
(7,1, 4,0, -0,3)
(7,1, 4,0, -0,3)
(7,1, 4,0, -0,3)
(7,2, 4,0, -0,3)
(7,2, 4,0, -0,3)
(7,2, 4,0, -0,3)
(7,2, 4,0, -0,3)
(7,2, 4,0, -0,3)
(7,2, 4,0, -0,3)
(7,2, 3,9, -0,3)
(7,2, 3,9, -0,3)
(7,2, 3,9, -0,3)
(7,2, 3,9, -0,3)
(7,2, 3,9, -0,3)
(7,2, 3,9, -0,3)
(7,2, 3,9, -0,3)
(7,2, 3,9, -0,3)
(7,2, 3,9, -0,3)
(7,2, 3,9, -0,3)
(7,3, 3,8, -0,3)
(7,3, 3,8, -0,3)
(7,3, 3,8, -0,3)
(7,3, 3,8, -0,3)
(7,3, 3,8, -0,3)
(7,3, 3,8, -0,3)
(7,3, 3,8, -0,3)
(7,3, 3,8, -0,3)
(7,3, 3,8, -0,3)
(7,3, 3,8, -0,3)
(7,3, 3,8, -0,3)
(7,4, 3,8, -0,3)
(7,4, 3,8, -0,3)
(7,4, 3,8, -0,3)
(7,4, 3,8, -0,3)
(7,4, 3,8, -0,3)
(7,4, 3,8, -0,3)
(7,4, 3,7, -0,3)
(7,4, 3,7, -0,3)
(7,4, 3,7, -0,3)
(7,4, 3,7, -0,3)
(7,4, 3,7, -0,3)
(7,4, 3,7, -0,3)
(7,4, 3,7, -0,3)
(7,4, 3,7, -0,3)
(7,4, 3,7, -0,3)
(7,4, 3,7, -0,3)
(7,5, 3,6, -0,3)
(7,5, 3,6, -0,3)
(7,5, 3,6, -0,3)
(7,5, 3,6, -0,3)
(7,5, 3,6, -0,3)
(7,5, 3,6, -0,3)
(7,5, 3,6, -0,3)
(7,5, 3,6, -0,3)
(7,5, 3,6, -0,3)
(7,5, 3,6, -0,3)
(7,5, 3,6, -0,3)
(7,6, 3,5, -0,3)
(7,6, 3,5, -0,3)
(7,6, 3,5, -0,3)
(7,6, 3,5, -0,3)
(7,6, 3,5, -0,3)
(7,6, 3,5, -0,3)
(7,6, 3,5, -0,3)
(7,6, 3,5, -0,3)
(7,6, 3,5, -0,3)
(7,6, 3,5, -0,3)
(7,6, 3,5, -0,3)
(7,6, 3,5, -0,3)
(7,6, 3,5, -0,3)
(7,6, 3,5, -0,3)
(7,6, 3,5, -0,3)
(7,6, 3,5, -0,3)
(7,6, 3,5, -0,3)
(7,7, 3,4, -0,3)
(7,7, 3,4, -0,3)
(7,7, 3,4, -0,3)
(7,7, 3,4, -0,3)
(7,7, 3,4, -0,3)
(7,7, 3,4, -0,3)
(7,7, 3,4, -0,3)
(7,7, 3,4, -0,3)
(7,7, 3,4, -0,3)
(7,7, 3,4, -0,3)
(7,7, 3,4, -0,3)
(7,8, 3,3, -0,3)
(7,8, 3,3, -0,3)
(7,8, 3,3, -0,3)
(7,8, 3,3, -0,3)
(7,8, 3,3, -0,3)
(7,8, 3,3, -0,3)
(7,8, 3,3, -0,3)
(7,8, 3,3, -0,3)
(7,8, 3,3, -0,3)
(7,8, 3,3, -0,3)
(7,8, 3,3, -0,3)
(7,8, 3,3, -0,3)
(7,8, 3,3, -0,3)
(7,8, 3,3, -0,3)
(7,8, 3,3, -0,3)
(7,8, 3,3, -0,3)
(7,9, 3,2, -0,3)
(7,9, 3,2, -0,3)
(7,9, 3,2, -0,3)
(7,9, 3,2, -0,3)
(7,9, 3,2, -0,3)
(7,9, 3,2, -0,3)
(7,9, 3,2, -0,3)
(7,9, 3,2, -0,3)
(7,9, 3,2, -0,3)
(7,9, 3,2, -0,3)
(8,0, 3,1, -0,3)
(8,0, 3,1, -0,3)
(8,0, 3,1, -0,3)
(8,0, 3,1, -0,3)
(8,0, 3,1, -0,3)
(8,0, 3,1, -0,3)
(8,0, 3,1, -0,3)
(8,0, 3,1, -0,3)
(8,0, 3,1, -0,3)
(8,0, 3,1, -0,3)
(8,0, 3,1, -0,3)
(8,0, 3,1, -0,3)
(8,0, 3,1, -0,3)
(8,0, 3,1, -0,3)
(8,0, 3,1, -0,3)
(8,1, 3,0, -0,3)
(8,1, 3,0, -0,3)
(8,1, 3,0, -0,3)
(8,1, 3,0, -0,3)
(8,1, 3,0, -0,3)
(8,1, 3,0, -0,3)
(8,1, 3,0, -0,3)
(8,1, 3,0, -0,3)
(8,1, 3,0, -0,3)
(8,1, 3,0, -0,3)
(8,2, 2,9, -0,3)
(8,2, 2,9, -0,3)
(8,2, 2,9, -0,3)
(8,2, 2,9, -0,3)
(8,2, 2,9, -0,3)
(8,2, 2,9, -0,3)
(8,2, 2,9, -0,3)
(8,2, 2,9, -0,3)
(8,2, 2,9, -0,3)
(8,2, 2,9, -0,3)
(8,2, 2,9, -0,3)
(8,2, 2,9, -0,3)
(8,2, 2,9, -0,3)
(8,2, 2,9, -0,3)
(8,2, 2,9, -0,3)
(8,3, 2,8, -0,3)
(8,3, 2,8, -0,3)
(8,3, 2,8, -0,3)
(8,3, 2,8, -0,3)
(8,3, 2,8, -0,3)
(8,3, 2,8, -0,3)
(8,3, 2,8, -0,3)
(8,3, 2,8, -0,3)
(8,3, 2,8, -0,3)
(8,3, 2,8, -0,3)
(8,4, 2,7, -0,3)
(8,4, 2,7, -0,3)
(8,4, 2,7, -0,3)
(8,4, 2,7, -0,3)
(8,4, 2,7, -0,3)
(8,4, 2,7, -0,3)
(8,4, 2,7, -0,3)
(8,4, 2,7, -0,3)
(8,4, 2,7, -0,3)
(8,4, 2,7, -0,3)
(8,4, 2,7, -0,3)
(8,4, 2,7, -0,3)
(8,4, 2,7, -0,3)
(8,4, 2,7, -0,3)
(8,4, 2,7, -0,3)
(8,4, 2,7, -0,3)
(8,5, 2,6, -0,3)
(8,5, 2,6, -0,3)
(8,5, 2,6, -0,3)
(8,5, 2,6, -0,3)
(8,5, 2,6, -0,3)
(8,5, 2,6, -0,3)
(8,5, 2,6, -0,3)
(8,5, 2,6, -0,3)
(8,5, 2,6, -0,3)
(8,5, 2,6, -0,3)
(8,5, 2,6, -0,3)
(8,6, 2,5, -0,3)
(8,6, 2,5, -0,3)
(8,6, 2,5, -0,3)
(8,6, 2,5, -0,3)
(8,6, 2,5, -0,3)
(8,6, 2,5, -0,3)
(8,6, 2,5, -0,3)
(8,6, 2,5, -0,3)
(8,6, 2,5, -0,3)
(8,6, 2,5, -0,3)
(8,6, 2,5, -0,3)
(8,6, 2,4, -0,3)
(8,6, 2,4, -0,3)
(8,6, 2,4, -0,3)
(8,6, 2,4, -0,3)
(8,6, 2,4, -0,3)
(8,6, 2,4, -0,3)
(8,7, 2,4, -0,3)
(8,7, 2,4, -0,3)
(8,7, 2,4, -0,3)
(8,7, 2,4, -0,3)
(8,7, 2,4, -0,3)
(8,7, 2,4, -0,3)
(8,7, 2,4, -0,3)
(8,7, 2,4, -0,3)
(8,7, 2,4, -0,3)
(8,7, 2,4, -0,3)
(8,8, 2,3, -0,3)
(8,8, 2,3, -0,3)
(8,8, 2,3, -0,3)
(8,8, 2,3, -0,3)
(8,8, 2,3, -0,3)
(8,8, 2,3, -0,3)
(8,8, 2,3, -0,3)
(8,8, 2,3, -0,3)
(8,8, 2,3, -0,3)
(8,8, 2,3, -0,3)
(8,8, 2,3, -0,3)
(8,8, 2,2, -0,3)
(8,8, 2,2, -0,3)
(8,8, 2,2, -0,3)
(8,8, 2,2, -0,3)
(8,8, 2,2, -0,3)
(8,8, 2,2, -0,3)
(8,9, 2,2, -0,3)
(8,9, 2,2, -0,3)
(8,9, 2,2, -0,3)
(8,9, 2,2, -0,3)
(8,9, 2,2, -0,3)
(8,9, 2,2, -0,3)
(8,9, 2,2, -0,3)
(8,9, 2,2, -0,3)
(8,9, 2,2, -0,3)
(8,9, 2,2, -0,3)
(8,9, 2,2, -0,3)
(9,0, 2,1, -0,3)
(9,0, 2,1, -0,3)
(9,0, 2,1, -0,3)
(9,0, 2,1, -0,3)
(9,0, 2,1, -0,3)
(9,0, 2,1, -0,3)
(9,0, 2,1, -0,3)
(9,0, 2,1, -0,3)
(9,0, 2,1, -0,3)
(9,0, 2,1, -0,3)
(9,0, 2,1, -0,3)
(9,0, 2,0, -0,3)
(9,0, 2,0, -0,3)
(9,0, 2,0, -0,3)
(9,0, 2,0, -0,3)
(9,0, 2,0, -0,3)
(9,1, 2,0, -0,3)
(9,1, 2,0, -0,3)
(9,1, 2,0, -0,3)
(9,1, 2,0, -0,3)
(9,1, 2,0, -0,3)
(9,1, 2,0, -0,3)
(9,1, 2,0, -0,3)
(9,1, 2,0, -0,3)
(9,1, 2,0, -0,3)
(9,1, 2,0, -0,3)
(9,1, 2,0, -0,3)
(9,2, 1,9, -0,3)
(9,2, 1,9, -0,3)
(9,2, 1,9, -0,3)
(9,2, 1,9, -0,3)
(9,2, 1,9, -0,3)
(9,2, 1,9, -0,3)
(9,2, 1,9, -0,3)
(9,2, 1,9, -0,3)
(9,2, 1,9, -0,3)
(9,2, 1,9, -0,3)
(9,2, 1,8, -0,3)
(9,2, 1,8, -0,3)
(9,2, 1,8, -0,3)
(9,2, 1,8, -0,3)
(9,2, 1,8, -0,3)
(9,3, 1,8, -0,3)
(9,3, 1,8, -0,3)
(9,3, 1,8, -0,3)
(9,3, 1,8, -0,3)
(9,3, 1,8, -0,3)
(9,3, 1,8, -0,3)
(9,3, 1,8, -0,3)
(9,3, 1,8, -0,3)
(9,3, 1,8, -0,3)
(9,3, 1,8, -0,3)
(9,3, 1,8, -0,3)
(9,4, 1,7, -0,3)
(9,4, 1,7, -0,3)
(9,4, 1,7, -0,3)
(9,4, 1,7, -0,3)
(9,4, 1,7, -0,3)
(9,4, 1,7, -0,3)
(9,4, 1,7, -0,3)
(9,4, 1,7, -0,3)
(9,4, 1,7, -0,3)
(9,4, 1,7, -0,3)
(9,4, 1,6, -0,3)
(9,4, 1,6, -0,3)
(9,4, 1,6, -0,3)
(9,4, 1,6, -0,3)
(9,4, 1,6, -0,3)
(9,4, 1,6, -0,3)
(9,5, 1,6, -0,3)
(9,5, 1,6, -0,3)
(9,5, 1,6, -0,3)
(9,5, 1,6, -0,3)
(9,5, 1,6, -0,3)
(9,5, 1,5, -0,3)
(9,5, 1,5, -0,3)
(9,5, 1,5, -0,3)
(9,5, 1,5, -0,3)
(9,5, 1,5, -0,3)
(9,6, 1,5, -0,3)
(9,6, 1,5, -0,3)
(9,6, 1,5, -0,3)
(9,6, 1,5, -0,3)
(9,6, 1,5, -0,3)
(9,6, 1,5, -0,3)
(9,6, 1,5, -0,3)
(9,6, 1,5, -0,3)
(9,6, 1,5, -0,3)
(9,6, 1,5, -0,3)
(9,6, 1,5, -0,3)
(9,6, 1,4, -0,3)
(9,6, 1,4, -0,3)
(9,6, 1,4, -0,3)
(9,6, 1,4, -0,3)
(9,6, 1,4, -0,3)
(9,6, 1,4, -0,3)
(9,7, 1,4, -0,3)
(9,7, 1,4, -0,3)
(9,7, 1,4, -0,3)
(9,7, 1,4, -0,3)
(9,7, 1,4, -0,3)
(9,7, 1,3, -0,3)
(9,7, 1,3, -0,3)
(9,7, 1,3, -0,3)
(9,7, 1,3, -0,3)
(9,7, 1,3, -0,3)
(9,7, 1,3, -0,3)
(9,8, 1,3, -0,3)
(9,8, 1,3, -0,3)
(9,8, 1,3, -0,3)
(9,8, 1,3, -0,3)
(9,8, 1,3, -0,3)
(9,8, 1,3, -0,3)
(9,8, 1,3, -0,3)
(9,8, 1,3, -0,3)
(9,8, 1,3, -0,3)
(9,8, 1,3, -0,3)
(9,8, 1,3, -0,3)
(9,8, 1,2, -0,3)
(9,8, 1,2, -0,3)
(9,8, 1,2, -0,3)
(9,8, 1,2, -0,3)
(9,9, 1,2, -0,3)
(9,9, 1,2, -0,3)
(9,9, 1,2, -0,3)
(9,9, 1,2, -0,3)
(9,9, 1,2, -0,3)
(9,9, 1,2, -0,3)
(9,9, 1,1, -0,3)
(9,9, 1,1, -0,3)
(9,9, 1,1, -0,3)
(9,9, 1,1, -0,3)
(9,9, 1,1, -0,3)
(10,0, 1,1, -0,3)
(10,0, 1,1, -0,3)
(10,0, 1,1, -0,3)
(10,0, 1,1, -0,3)
(10,0, 1,1, -0,3)
(10,0, 1,1, -0,3)
(10,0, 1,1, -0,3)
(10,0, 1,1, -0,3)
(10,0, 1,1, -0,3)
(10,0, 1,1, -0,3)
(10,0, 1,0, -0,3)
(10,0, 1,0, -0,3)
(10,0, 1,0, -0,3)
(10,0, 1,0, -0,3)
(10,0, 1,0, -0,3)
(10,0, 1,0, -0,3)
(10,1, 1,0, -0,3)
(10,1, 1,0, -0,3)
(10,1, 1,0, -0,3)
(10,1, 1,0, -0,3)
(10,1, 1,0, -0,3)
(10,1, 0,9, -0,3)
(10,1, 0,9, -0,3)
(10,1, 0,9, -0,3)
(10,1, 0,9, -0,3)
(10,1, 0,9, -0,3)
(10,2, 0,9, -0,3)
(10,2, 0,9, -0,3)
(10,2, 0,9, -0,3)
(10,2, 0,9, -0,3)
(10,2, 0,9, -0,3)
(10,2, 0,9, -0,3)
(10,2, 0,9, -0,3)
(10,2, 0,9, -0,3)
(10,2, 0,9, -0,3)
(10,2, 0,9, -0,3)
(10,2, 0,8, -0,3)
(10,2, 0,8, -0,3)
(10,2, 0,8, -0,3)
(10,2, 0,8, -0,3)
(10,2, 0,8, -0,3)
(10,2, 0,8, -0,3)
(10,3, 0,8, -0,3)
(10,3, 0,8, -0,3)
(10,3, 0,8, -0,3)
(10,3, 0,8, -0,3)
(10,3, 0,8, -0,3)
(10,3, 0,7, -0,3)
(10,3, 0,7, -0,3)
(10,3, 0,7, -0,3)
(10,3, 0,7, -0,3)
(10,3, 0,7, -0,3)
(10,4, 0,7, -0,3)
(10,4, 0,7, -0,3)
(10,4, 0,7, -0,3)
(10,4, 0,7, -0,3)
(10,4, 0,7, -0,3)
(10,4, 0,6, -0,3)
(10,4, 0,6, -0,3)
(10,4, 0,6, -0,3)
(10,4, 0,6, -0,3)
(10,4, 0,6, -0,3)
(10,4, 0,6, -0,3)
(10,4, 0,6, -0,3)
(10,4, 0,6, -0,3)
(10,4, 0,6, -0,3)
(10,4, 0,6, -0,3)
(10,4, 0,6, -0,3)
(10,5, 0,6, -0,3)
(10,5, 0,6, -0,3)
(10,5, 0,6, -0,3)
(10,5, 0,6, -0,3)
(10,5, 0,6, -0,3)
(10,5, 0,6, -0,3)
(10,5, 0,5, -0,3)
(10,5, 0,5, -0,3)
(10,5, 0,5, -0,3)
(10,5, 0,5, -0,3)
(10,5, 0,5, -0,3)
(10,6, 0,5, -0,3)
(10,6, 0,5, -0,3)
(10,6, 0,5, -0,3)
(10,6, 0,5, -0,3)
(10,6, 0,5, -0,3)
(10,6, 0,5, -0,3)
(10,6, 0,4, -0,3)
(10,6, 0,4, -0,3)
(10,6, 0,4, -0,3)
(10,6, 0,4, -0,3)
(10,6, 0,4, -0,3)
(10,6, 0,4, -0,3)
(10,6, 0,4, -0,3)
(10,6, 0,4, -0,3)
(10,6, 0,4, -0,3)
(10,6, 0,4, -0,3)
(10,6, 0,4, -0,3)
(10,7, 0,4, -0,3)
(10,7, 0,4, -0,3)
(10,7, 0,4, -0,3)
(10,7, 0,4, -0,3)
(10,7, 0,4, -0,3)
(10,7, 0,4, -0,3)
(10,7, 0,3, -0,3)
(10,7, 0,3, -0,3)
(10,7, 0,3, -0,3)
(10,7, 0,3, -0,3)
(10,7, 0,3, -0,3)
(10,8, 0,3, -0,3)
(10,8, 0,3, -0,3)
(10,8, 0,3, -0,3)
(10,8, 0,3, -0,3)
(10,8, 0,3, -0,3)
(10,8, 0,2, -0,3)
(10,8, 0,2, -0,3)
(10,8, 0,2, -0,3)
(10,8, 0,2, -0,3)
(10,8, 0,2, -0,3)
(10,8, 0,2, -0,3)
(10,8, 0,2, -0,3)
(10,8, 0,2, -0,3)
(10,8, 0,2, -0,3)
(10,8, 0,2, -0,3)
(10,9, 0,2, -0,3)
(10,9, 0,2, -0,3)
(10,9, 0,2, -0,3)
(10,9, 0,2, -0,3)
(10,9, 0,2, -0,3)
(10,9, 0,1, -0,3)
(10,9, 0,1, -0,3)
(10,9, 0,1, -0,3)
(10,9, 0,1, -0,3)
(10,9, 0,1, -0,3)
(10,9, 0,1, -0,3)
(11,0, 0,1, -0,3)
(11,0, 0,1, -0,3)
(11,0, 0,1, -0,3)
(11,0, 0,1, -0,3)
(11,0, 0,1, -0,3)
(11,0, 0,1, -0,3)
(11,0, 0,0, -0,3)
(11,0, 0,0, -0,3)
(11,0, 0,0, -0,3)
(11,0, 0,0, -0,3)
(11,0, 0,0, -0,3)
(11,0, 0,0, -0,3)
(11,0, 0,0, -0,3)
(11,0, 0,0, -0,3)
(11,0, 0,0, -0,3)
(11,0, 0,0, -0,3)
(11,0, 0,0, -0,3)
(11,0, 0,0, -0,3)
(11,0, 0,0, -0,3)
(11,0, 0,0, -0,3)
(11,0, 0,0, -0,3)
(11,0, 0,0, -0,3)
(11,1, 0,0, -0,3)
(11,1, 0,0, -0,3)
(11,1, 0,0, -0,3)
(11,1, 0,0, -0,3)
(11,1, 0,0, -0,3)
(11,1, 0,0, -0,3)
(11,1, 0,0, -0,3)
(11,1, 0,0, -0,3)
(11,1, 0,0, -0,3)
(11,1, 0,0, -0,3)
(11,1, 0,0, -0,3)
(11,1, 0,0, -0,3)
(11,1, 0,0, -0,3)
(11,1, 0,0, -0,3)
(11,1, 0,0, -0,3)
(11,1, 0,0, -0,3)
(11,1, 0,0, -0,3)
(11,1, 0,0, -0,3)
(11,1, 0,0, -0,3)
(11,1, 0,0, -0,3)
(11,1, 0,0, -0,3)
(11,1, 0,0, -0,3)
(11,1, 0,0, -0,3)
(11,1, 0,0, -0,3)
(11,1, 0,0, -0,3)
(11,1, 0,0, -0,3)
(11,1, 0,0, -0,3)
(11,1, 0,0, -0,3)
(11,1, 0,0, -0,3)
(11,1, 0,0, -0,3)
(11,1, 0,0, -0,3)
(11,1, 0,0, -0,3)
(11,1, 0,0, -0,3)
(11,1, 0,0, -0,3)
(11,1, 0,0, -0,3)
(11,1, 0,0, -0,3)
(11,1, 0,0, -0,3)
(11,2, 0,0, -0,3)
(11,2, 0,0, -0,3)
(11,2, 0,0, -0,3)
(11,2, 0,0, -0,3)
(11,2, 0,0, -0,3)
(11,2, 0,0, -0,3)
(11,2, 0,0, -0,3)
(11,2, 0,0, -0,3)
(11,2, 0,0, -0,3)
(11,2, 0,0, -0,3)
(11,2, 0,0, -0,3)
(11,2, 0,0, -0,3)
(11,2, 0,0, -0,3)
(11,2, 0,0, -0,3)
(11,2, 0,0, -0,3)
(11,2, 0,0, -0,3)
(11,2, 0,0, -0,3)
(11,2, 0,0, -0,3)
(11,2, 0,0, -0,3)
(11,2, 0,0, -0,3)
(11,2, 0,0, -0,3)
(11,2, 0,0, -0,3)
(11,2, 0,0, -0,3)
(11,2, 0,0, -0,3)
(11,2, 0,0, -0,3)
(11,2, 0,0, -0,3)
(11,2, 0,0, -0,3)
(11,2, 0,0, -0,3)
(11,2, 0,0, -0,3)
(11,2, 0,0, -0,3)
(11,2, 0,0, -0,3)
(11,2, 0,0, -0,3)
(11,2, 0,0, -0,3)
(11,3, 0,0, -0,3)
(11,3, 0,0, -0,3)
(11,3, 0,0, -0,3)
(11,3, 0,0, -0,3)
(11,3, 0,0, -0,3)
(11,3, 0,0, -0,3)
(11,3, 0,0, -0,3)
(11,3, 0,0, -0,3)
(11,3, 0,0, -0,3)
(11,3, 0,0, -0,3)
(11,3, 0,0, -0,3)
(11,3, 0,0, -0,3)
(11,3, 0,0, -0,3)
(11,3, 0,0, -0,3)
(11,3, 0,0, -0,3)
(11,3, 0,0, -0,3)
(11,3, 0,0, -0,3)
(11,3, 0,0, -0,3)
(11,3, 0,0, -0,3)
(11,3, 0,0, -0,3)
(11,3, 0,0, -0,3)
(11,3, 0,0, -0,3)
(11,3, 0,0, -0,3)
(11,3, 0,0, -0,3)
(11,3, 0,0, -0,3)
(11,3, 0,0, -0,3)
(11,3, 0,0, -0,3)
(11,3, 0,0, -0,3)
(11,3, 0,0, -0,3)
(11,3, 0,0, -0,3)
(11,3, 0,0, -0,3)
(11,3, 0,0, -0,3)
(11,3, 0,0, -0,3)
(11,3, 0,0, -0,3)
(11,3, 0,0, -0,3)
(11,3, 0,0, -0,3)
(11,3, 0,0, -0,3)
(11,4, 0,0, -0,3)
(11,4, 0,0, -0,3)
(11,4, 0,0, -0,3)
(11,4, 0,0, -0,3)
(11,4, 0,0, -0,3)
(11,4, 0,0, -0,3)
(11,4, 0,0, -0,3)
(11,4, 0,0, -0,3)
(11,4, 0,0, -0,3)
(11,4, 0,0, -0,3)
(11,4, 0,0, -0,3)
(11,4, 0,0, -0,3)
(11,4, 0,0, -0,3)
(11,4, 0,0, -0,3)
(11,4, 0,0, -0,3)
(11,4, 0,0, -0,3)
(11,4, 0,0, -0,3)
(11,4, 0,0, -0,3)
(11,4, 0,0, -0,3)
(11,4, 0,0, -0,3)
(11,4, 0,0, -0,3)
(11,4, 0,0, -0,3)
(11,4, 0,0, -0,3)
(11,4, 0,0, -0,3)
(11,4, 0,0, -0,3)
(11,4, 0,0, -0,3)
(11,4, 0,0, -0,3)
(11,4, 0,0, -0,3)
(11,4, 0,0, -0,3)
(11,4, 0,0, -0,3)
(11,4, 0,0, -0,3)
(11,4, 0,0, -0,3)
(11,4, 0,0, -0,3)
(11,5, 0,0, -0,3)
(11,5, 0,0, -0,3)
(11,5, 0,0, -0,3)
(11,5, 0,0, -0,3)
(11,5, 0,0, -0,3)
(11,5, 0,0, -0,3)
(11,5, 0,0, -0,3)
(11,5, 0,0, -0,3)
(11,5, 0,0, -0,3)
(11,5, 0,0, -0,3)
(11,5, 0,0, -0,3)
(11,5, 0,0, -0,3)
(11,5, 0,0, -0,3)
(11,5, 0,0, -0,3)
(11,5, 0,0, -0,3)
(11,5, 0,0, -0,3)
(11,5, 0,0, -0,3)
(11,5, 0,0, -0,3)
(11,5, 0,0, -0,3)
(11,5, 0,0, -0,3)
(11,5, 0,0, -0,3)
(11,5, 0,0, -0,3)
(11,5, 0,0, -0,3)
(11,5, 0,0, -0,3)
(11,5, 0,0, -0,3)
(11,5, 0,0, -0,3)
(11,5, 0,0, -0,3)
(11,5, 0,0, -0,3)
(11,5, 0,0, -0,3)
(11,5, 0,0, -0,3)
(11,5, 0,0, -0,3)
(11,5, 0,0, -0,3)
(11,6, 0,0, -0,3)
(11,6, 0,0, -0,3)
(11,6, 0,0, -0,3)
(11,6, 0,0, -0,3)
(11,6, 0,0, -0,3)
(11,6, 0,0, -0,3)
(11,6, 0,0, -0,3)
(11,6, 0,0, -0,3)
(11,6, 0,0, -0,3)
(11,6, 0,0, -0,3)
(11,6, 0,0, -0,3)
(11,6, 0,0, -0,3)
(11,6, 0,0, -0,3)
(11,6, 0,0, -0,3)
(11,6, 0,0, -0,3)
(11,6, 0,0, -0,3)
(11,6, 0,0, -0,3)
(11,6, 0,0, -0,3)
(11,6, 0,0, -0,3)
(11,6, 0,0, -0,3)
(11,6, 0,0, -0,3)
(11,6, 0,0, -0,3)
(11,6, 0,0, -0,3)
(11,6, 0,0, -0,3)
(11,6, 0,0, -0,3)
(11,6, 0,0, -0,3)
(11,6, 0,0, -0,3)
(11,6, 0,0, -0,3)
(11,6, 0,0, -0,3)
(11,6, 0,0, -0,3)
(11,6, 0,0, -0,3)
(11,6, 0,0, -0,3)
(11,6, 0,0, -0,3)
(11,6, 0,0, -0,3)
(11,6, 0,0, -0,3)
(11,6, 0,0, -0,3)
(11,6, 0,0, -0,3)
(11,6, 0,0, -0,3)
(11,7, 0,0, -0,3)
(11,7, 0,0, -0,3)
(11,7, 0,0, -0,3)
(11,7, 0,0, -0,3)
(11,7, 0,0, -0,3)
(11,7, 0,0, -0,3)
(11,7, 0,0, -0,3)
(11,7, 0,0, -0,3)
(11,7, 0,0, -0,3)
(11,7, 0,0, -0,3)
(11,7, 0,0, -0,3)
(11,7, 0,0, -0,3)
(11,7, 0,0, -0,3)
(11,7, 0,0, -0,3)
(11,7, 0,0, -0,3)
(11,7, 0,0, -0,3)
(11,7, 0,0, -0,3)
(11,7, 0,0, -0,3)
(11,7, 0,0, -0,3)
(11,7, 0,0, -0,3)
(11,7, 0,0, -0,3)
(11,7, 0,0, -0,3)
(11,7, 0,0, -0,3)
(11,7, 0,0, -0,3)
(11,7, 0,0, -0,3)
(11,7, 0,0, -0,3)
(11,7, 0,0, -0,3)
(11,7, 0,0, -0,3)
(11,7, 0,0, -0,3)
(11,7, 0,0, -0,3)
(11,7, 0,0, -0,3)
(11,7, 0,0, -0,3)
(11,8, 0,0, -0,3)
(11,8, 0,0, -0,3)
(11,8, 0,0, -0,3)
(11,8, 0,0, -0,3)
(11,8, 0,0, -0,3)
(11,8, 0,0, -0,3)
(11,8, 0,0, -0,3)
(11,8, 0,0, -0,3)
(11,8, 0,0, -0,3)
(11,8, 0,0, -0,3)
(11,8, 0,0, -0,3)
(11,8, 0,0, -0,3)
(11,8, 0,0, -0,3)
(11,8, 0,0, -0,3)
(11,8, 0,0, -0,3)
(11,8, 0,0, -0,3)
(11,8, 0,0, -0,3)
(11,8, 0,0, -0,3)
(11,8, 0,0, -0,3)
(11,8, 0,0, -0,3)
(11,8, 0,0, -0,3)
(11,8, 0,0, -0,3)
(11,8, 0,0, -0,3)
(11,8, 0,0, -0,3)
(11,8, 0,0, -0,3)
(11,8, 0,0, -0,3)
(11,8, 0,0, -0,3)
(11,8, 0,0, -0,3)
(11,8, 0,0, -0,3)
(11,8, 0,0, -0,3)
(11,8, 0,0, -0,3)
(11,8, 0,0, -0,3)
(11,8, 0,0, -0,3)
(11,8, 0,0, -0,3)
(11,8, 0,0, -0,3)
(11,8, 0,0, -0,3)
(11,8, 0,0, -0,3)
(11,8, 0,0, -0,3)
(11,8, 0,0, -0,3)
(11,8, 0,0, -0,3)
(11,8, 0,0, -0,3)
(11,8, 0,0, -0,3)
(11,8, 0,0, -0,3)
(11,8, 0,0, -0,3)
(11,9, 0,0, -0,3)
(11,9, 0,0, -0,3)
(11,9, 0,0, -0,3)
(11,9, 0,0, -0,3)
(11,9, 0,0, -0,3)
(11,9, 0,0, -0,3)
(11,9, 0,0, -0,3)
(11,9, 0,0, -0,3)
(11,9, 0,0, -0,3)
(11,9, 0,0, -0,3)
(11,9, 0,0, -0,3)
(11,9, 0,0, -0,3)
(11,9, 0,0, -0,3)
(11,9, 0,0, -0,3)
(11,9, 0,0, -0,3)
(11,9, 0,0, -0,3)
(11,9, 0,0, -0,3)
(11,9, 0,0, -0,3)
(11,9, 0,0, -0,3)
(11,9, 0,0, -0,3)
(11,9, 0,0, -0,3)
(11,9, 0,0, -0,3)
(11,9, 0,0, -0,3)
(11,9, 0,0, -0,3)
(11,9, 0,0, -0,3)
(11,9, 0,0, -0,3)
(11,9, 0,0, -0,3)
(11,9, 0,0, -0,3)
(11,9, 0,0, -0,3)
(11,9, 0,0, -0,3)
(11,9, 0,0, -0,3)
(11,9, 0,0, -0,3)
(11,9, 0,0, -0,3)
(11,9, 0,0, -0,3)
(11,9, 0,0, -0,3)
(11,9, 0,0, -0,3)
(11,9, 0,0, -0,3)
(11,9, 0,0, -0,3)
(11,9, 0,0, -0,3)
(11,9, 0,0, -0,3)
(11,9, 0,0, -0,3)
(11,9, 0,0, -0,3)
(11,9, 0,0, -0,3)
(11,9, 0,0, -0,3)
(11,9, 0,0, -0,3)
(11,9, 0,0, -0,3)
(11,9, 0,0, -0,3)
(11,9, 0,0, -0,3)
(11,9, 0,0, -0,3)
(11,9, 0,0, -0,3)
(11,9, 0,0, -0,3)
(11,9, 0,0, -0,3)
(11,9, 0,0, -0,3)
(11,9, 0,0, -0,3)
(12,0, 0,0, -0,3)
(12,0, 0,0, -0,3)
(12,0, 0,0, -0,3)
(12,0, 0,0, -0,3)
(12,0, 0,0, -0,3)
(12,0, 0,0, -0,3)
(12,0, 0,0, -0,3)
(12,0, 0,0, -0,3)
(12,0, 0,0, -0,3)
(12,0, 0,0, -0,3)
(12,0, 0,0, -0,3)
(12,0, 0,0, -0,3)
(12,0, 0,0, -0,3)
(12,0, 0,0, -0,3)
(12,0, 0,0, -0,3)
(12,0, 0,0, -0,3)
(12,0, 0,0, -0,3)
(12,0, 0,0, -0,3)
(12,0, 0,0, -0,3)
(12,0, 0,0, -0,3)
(12,0, 0,0, -0,3)
(12,0, 0,0, -0,3)
(12,0, 0,0, -0,3)
(12,0, 0,0, -0,3)
(12,0, 0,0, -0,3)
(12,0, 0,0, -0,3)
(12,0, 0,0, -0,3)
(12,0, 0,0, -0,3)
(12,0, 0,0, -0,3)
(12,0, 0,0, -0,3)
(12,0, 0,0, -0,3)
(12,0, 0,0, -0,3)
(12,0, 0,0, -0,3)
(12,0, 0,0, -0,3)
(12,0, 0,0, -0,3)
(12,0, 0,0, -0,3)
(12,0, 0,0, -0,3)
(12,0, 0,0, -0,3)
(12,0, 0,0, -0,3)
(12,0, 0,0, -0,3)
(12,0, 0,0, -0,3)
(12,0, 0,0, -0,3)
(12,0, 0,0, -0,3)
(12,0, 0,0, -0,3)
(12,0, 0,0, -0,3)
(12,0, 0,0, -0,3)
(12,0, 0,0, -0,3)
(12,0, 0,0, -0,3)
(12,0, 0,0, -0,3)
(12,0, 0,0, -0,3)
(12,0, 0,0, -0,3)
(12,0, 0,0, -0,3)
(12,0, 0,0, -0,3)
(12,0, 0,0, -0,3)
(12,0, 0,0, -0,3)
(12,0, 0,0, -0,3)
(12,0, 0,0, -0,3)
(12,0, 0,0, -0,3)
(12,0, 0,0, -0,3)
(12,0, 0,0, -0,3)
(12,0, 0,0, -0,3)
(12,0, 0,0, -0,3)
(12,0, 0,0, -0,3)
(12,0, 0,0, -0,3)
(12,0, 0,0, -0,3)
(12,0, 0,0, -0,3)
(12,0, 0,0, -0,3)
(12,0, 0,0, -0,3)
(12,0, 0,0, -0,3)
(12,0, 0,0, -0,3)
(12,0, 0,0, -0,3)
(12,0, 0,0, -0,3)
(12,0, 0,0, -0,3)
(12,0, 0,0, -0,3)
(12,1, 0,0, -0,3)
(12,1, 0,0, -0,3)
(12,1, 0,0, -0,3)
(12,1, 0,0, -0,3)
(12,1, 0,0, -0,3)
(12,1, 0,0, -0,3)
(12,1, 0,0, -0,3)
(12,1, 0,0, -0,3)
(12,1, 0,0, -0,3)
(12,1, 0,0, -0,3)
(12,1, 0,0, -0,3)
(12,1, 0,0, -0,3)
(12,1, 0,0, -0,3)
(12,1, 0,0, -0,3)
(12,1, 0,0, -0,3)
(12,1, 0,0, -0,3)
(12,1, 0,0, -0,3)
(12,1, 0,0, -0,3)
(12,1, 0,0, -0,3)
(12,1, 0,0, -0,3)
(12,1, 0,0, -0,3)
(12,1, 0,0, -0,3)
(12,1, 0,0, -0,3)
(12,1, 0,0, -0,3)
(12,1, 0,0, -0,3)
(12,1, 0,0, -0,3)
(12,1, 0,0, -0,3)
(12,1, 0,0, -0,3)
(12,1, 0,0, -0,3)
(12,1, 0,0, -0,3)
(12,1, 0,0, -0,3)
(12,1, 0,0, -0,3)
(12,1, 0,0, -0,3)
(12,1, 0,0, -0,3)
(12,1, 0,0, -0,3)
(12,1, 0,0, -0,3)
(12,1, 0,0, -0,3)
(12,1, 0,0, -0,3)
(12,1, 0,0, -0,3)
(12,1, 0,0, -0,3)
(12,1, 0,0, -0,3)
(12,1, 0,0, -0,3)
(12,1, 0,0, -0,3)
(12,1, 0,0, -0,3)
(12,1, 0,0, -0,3)
(12,1, 0,0, -0,3)
(12,1, 0,0, -0,3)
(12,1, 0,0, -0,3)
(12,1, 0,0, -0,3)
(12,1, 0,0, -0,3)
(12,1, 0,0, -0,3)
(12,1, 0,0, -0,3)
(12,1, 0,0, -0,3)
(12,1, 0,0, -0,3)
(12,1, 0,0, -0,3)
(12,1, 0,0, -0,3)
(12,1, 0,0, -0,3)
(12,1, 0,0, -0,3)
(12,1, 0,0, -0,3)
(12,1, 0,0, -0,3)
(12,1, 0,0, -0,3)
(12,1, 0,0, -0,3)
(12,1, 0,0, -0,3)
(12,1, 0,0, -0,3)
(12,1, 0,0, -0,3)
(12,1, 0,0, -0,3)
(12,1, 0,0, -0,3)
(12,1, 0,0, -0,3)
(12,1, 0,0, -0,3)
(12,1, 0,0, -0,3)
(12,1, 0,0, -0,3)
(12,1, 0,0, -0,3)
(12,1, 0,0, -0,3)
(12,1, 0,0, -0,3)
(12,1, 0,0, -0,3)
(12,1, 0,0, -0,3)
(12,1, 0,0, -0,3)
(12,1, 0,0, -0,3)
(12,1, 0,0, -0,3)
(12,1, 0,0, -0,3)
(12,1, 0,0, -0,3)
(12,1, 0,0, -0,3)
(12,1, 0,0, -0,3)
(12,1, 0,0, -0,3)
(12,1, 0,0, -0,3)
(12,1, 0,0, -0,3)
(12,1, 0,0, -0,3)
(12,2, 0,0, -0,3)
(12,2, 0,0, -0,3)
(12,2, 0,0, -0,3)
(12,2, 0,0, -0,3)
(12,2, 0,0, -0,3)
(12,2, 0,0, -0,3)
(12,2, 0,0, -0,3)
(12,2, 0,0, -0,3)
(12,2, 0,0, -0,3)
(12,2, 0,0, -0,3)
(12,2, 0,0, -0,3)
(12,2, 0,0, -0,3)
(12,2, 0,0, -0,3)
(12,2, 0,0, -0,3)
(12,2, 0,0, -0,3)
(12,2, 0,0, -0,3)
(12,2, 0,0, -0,3)
(12,2, 0,0, -0,3)
(12,2, 0,0, -0,3)
(12,2, 0,0, -0,3)
(12,2, 0,0, -0,3)
(12,2, 0,0, -0,3)
(12,2, 0,0, -0,3)
(12,2, 0,0, -0,3)
(12,2, 0,0, -0,3)
(12,2, 0,0, -0,3)
(12,2, 0,0, -0,3)
(12,2, 0,0, -0,3)
(12,2, 0,0, -0,3)
(12,2, 0,0, -0,3)
(12,2, 0,0, -0,3)
(12,2, 0,0, -0,3)
(12,2, 0,0, -0,3)
(12,2, 0,0, -0,3)
(12,2, 0,0, -0,3)
(12,2, 0,0, -0,3)
(12,2, 0,0, -0,3)
(12,2, 0,0, -0,3)
(12,2, 0,0, -0,3)
(12,2, 0,0, -0,3)
(12,2, 0,0, -0,3)
(12,2, 0,0, -0,3)
(12,2, 0,0, -0,3)
(12,2, 0,0, -0,3)
(12,2, 0,0, -0,3)
(12,2, 0,0, -0,3)
(12,2, 0,0, -0,3)
(12,2, 0,0, -0,3)
(12,2, 0,0, -0,3)
(12,2, 0,0, -0,3)
(12,2, 0,0, -0,3)
(12,2, 0,0, -0,3)
(12,2, 0,0, -0,3)
(12,2, 0,0, -0,3)
(12,2, 0,0, -0,3)
(12,2, 0,0, -0,3)
(12,2, 0,0, -0,3)
(12,2, 0,0, -0,3)
(12,2, 0,0, -0,3)
(12,2, 0,0, -0,3)
(12,2, 0,0, -0,3)
(12,2, 0,0, -0,3)
(12,2, 0,0, -0,3)
(12,2, 0,0, -0,3)
(12,2, 0,0, -0,3)
(12,2, 0,0, -0,3)
(12,2, 0,0, -0,3)
(12,2, 0,0, -0,3)
(12,2, 0,0, -0,3)
(12,2, 0,0, -0,3)
(12,2, 0,0, -0,3)
(12,2, 0,0, -0,3)
(12,2, 0,0, -0,3)
(12,2, 0,0, -0,3)
(12,2, 0,0, -0,3)
(12,2, 0,0, -0,3)
(12,2, 0,0, -0,3)
(12,3, 0,0, -0,3)
(12,3, 0,0, -0,3)
(12,3, 0,0, -0,3)
(12,3, 0,0, -0,3)
(12,3, 0,0, -0,3)
(12,3, 0,0, -0,3)
(12,3, 0,0, -0,3)
(12,3, 0,0, -0,3)
(12,3, 0,0, -0,3)
(12,3, 0,0, -0,3)
(12,3, 0,0, -0,3)
(12,3, 0,0, -0,3)
(12,3, 0,0, -0,3)
(12,3, 0,0, -0,3)
(12,3, 0,0, -0,3)
(12,3, 0,0, -0,3)
(12,3, 0,0, -0,3)
(12,3, 0,0, -0,3)
(12,3, 0,0, -0,3)
(12,3, 0,0, -0,3)
(12,3, 0,0, -0,3)
(12,3, 0,0, -0,3)
(12,3, 0,0, -0,3)
(12,3, 0,0, -0,3)
(12,3, 0,0, -0,3)
(12,3, 0,0, -0,3)
(12,3, 0,0, -0,3)
(12,3, 0,0, -0,3)
(12,3, 0,0, -0,3)
(12,3, 0,0, -0,3)
(12,3, 0,0, -0,3)
(12,3, 0,0, -0,3)
(12,3, 0,0, -0,3)
(12,3, 0,0, -0,3)
(12,3, 0,0, -0,3)
(12,3, 0,0, -0,3)
(12,3, 0,0, -0,3)
(12,4, 0,0, -0,3)
(12,4, 0,0, -0,3)
(12,4, 0,0, -0,3)
(12,4, 0,0, -0,3)
(12,4, 0,0, -0,3)
(12,4, 0,0, -0,3)
(12,4, 0,0, -0,3)
(12,4, 0,0, -0,3)
(12,4, 0,0, -0,3)
(12,4, 0,0, -0,3)
(12,4, 0,0, -0,3)
(12,4, 0,0, -0,3)
(12,4, 0,0, -0,3)
(12,4, 0,0, -0,3)
(12,4, 0,0, -0,3)
(12,4, 0,0, -0,3)
(12,4, 0,0, -0,3)
(12,4, 0,0, -0,3)
(12,4, 0,0, -0,3)
(12,4, 0,0, -0,3)
(12,4, 0,0, -0,3)
(12,4, 0,0, -0,3)
(12,4, 0,0, -0,3)
(12,4, 0,0, -0,3)
(12,4, 0,0, -0,3)
(12,4, 0,0, -0,3)
(12,4, 0,0, -0,3)
(12,4, 0,0, -0,3)
(12,4, 0,0, -0,3)
(12,4, 0,0, -0,3)
(12,4, 0,0, -0,3)
(12,5, 0,0, -0,3)
(12,5, 0,0, -0,3)
(12,5, 0,0, -0,3)
(12,5, 0,0, -0,3)
(12,5, 0,0, -0,3)
(12,5, 0,0, -0,3)
(12,5, 0,0, -0,3)
(12,5, 0,0, -0,3)
(12,5, 0,0, -0,3)
(12,5, 0,0, -0,3)
(12,5, 0,0, -0,3)
(12,5, 0,0, -0,3)
(12,5, 0,0, -0,3)
(12,5, 0,0, -0,3)
(12,5, 0,0, -0,3)
(12,5, 0,0, -0,3)
(12,5, 0,0, -0,3)
(12,5, 0,0, -0,3)
(12,5, 0,0, -0,3)
(12,5, 0,0, -0,3)
(12,5, 0,0, -0,3)
(12,6, 0,0, -0,3)
(12,6, 0,0, -0,3)
(12,6, 0,0, -0,3)
(12,6, 0,0, -0,3)
(12,6, 0,0, -0,3)
(12,6, 0,0, -0,3)
(12,6, 0,0, -0,3)
(12,6, 0,0, -0,3)
(12,6, 0,0, -0,3)
(12,6, 0,0, -0,3)
(12,6, 0,0, -0,3)
(12,6, 0,0, -0,3)
(12,6, 0,0, -0,3)
(12,6, 0,0, -0,3)
(12,6, 0,0, -0,3)
(12,6, 0,0, -0,3)
(12,6, 0,0, -0,3)
(12,6, 0,0, -0,3)
(12,6, 0,0, -0,3)
(12,6, 0,0, -0,3)
(12,6, 0,0, -0,3)
(12,6, 0,0, -0,3)
(12,6, 0,0, -0,3)
(12,6, 0,0, -0,3)
(12,6, 0,0, -0,3)
(12,7, 0,0, -0,3)
(12,7, 0,0, -0,3)
(12,7, 0,0, -0,3)
(12,7, 0,0, -0,3)
(12,7, 0,0, -0,3)
(12,7, 0,0, -0,3)
(12,7, 0,0, -0,3)
(12,7, 0,0, -0,3)
(12,7, 0,0, -0,3)
(12,7, 0,0, -0,3)
(12,7, 0,0, -0,3)
(12,7, 0,0, -0,3)
(12,7, 0,0, -0,3)
(12,7, 0,0, -0,3)
(12,7, 0,0, -0,3)
(12,7, 0,0, -0,3)
(12,7, 0,0, -0,3)
(12,7, 0,0, -0,3)
(12,7, 0,0, -0,3)
(12,7, 0,0, -0,3)
(12,7, 0,0, -0,3)
(12,8, 0,0, -0,3)
(12,8, 0,0, -0,3)
(12,8, 0,0, -0,3)
(12,8, 0,0, -0,3)
(12,8, 0,0, -0,3)
(12,8, 0,0, -0,3)
(12,8, 0,0, -0,3)
(12,8, 0,0, -0,3)
(12,8, 0,0, -0,3)
(12,8, 0,0, -0,3)
(12,8, 0,0, -0,3)
(12,8, 0,0, -0,3)
(12,8, 0,0, -0,3)
(12,8, 0,0, -0,3)
(12,8, 0,0, -0,3)
(12,8, 0,0, -0,3)
(12,8, 0,0, -0,3)
(12,8, 0,0, -0,3)
(12,8, 0,0, -0,3)
(12,8, 0,0, -0,3)
(12,9, 0,0, -0,3)
(12,9, 0,0, -0,3)
(12,9, 0,0, -0,3)
(12,9, 0,0, -0,3)
(12,9, 0,0, -0,3)
(12,9, 0,0, -0,3)
(12,9, 0,0, -0,3)
(12,9, 0,0, -0,3)
(12,9, 0,0, -0,3)
(12,9, 0,0, -0,3)
(12,9, 0,0, -0,3)
(12,9, 0,0, -0,3)
(12,9, 0,0, -0,3)
(12,9, 0,0, -0,3)
(12,9, 0,0, -0,3)
(12,9, 0,0, -0,3)
(12,9, 0,0, -0,3)
(12,9, 0,0, -0,3)
(12,9, 0,0, -0,3)
(12,9, 0,0, -0,3)
(13,0, 0,0, -0,3)
(13,0, 0,0, -0,3)
(13,0, 0,0, -0,3)
(13,0, 0,0, -0,3)
(13,0, 0,0, -0,3)
(13,0, 0,0, -0,3)
(13,0, 0,0, -0,3)
(13,0, 0,0, -0,3)
(13,0, 0,0, -0,3)
(13,0, 0,0, -0,3)
(13,0, 0,0, -0,3)
(13,0, 0,0, -0,3)
(13,0, 0,0, -0,3)
(13,0, 0,0, -0,3)
(13,0, 0,0, -0,3)
(13,0, 0,0, -0,3)
(13,0, 0,0, -0,3)
(13,0, 0,0, -0,3)
(13,0, 0,0, -0,3)
(13,0, 0,0, -0,3)
(13,0, 0,0, -0,3)
(13,1, 0,0, -0,3)
(13,1, 0,0, -0,3)
(13,1, 0,0, -0,3)
(13,1, 0,0, -0,3)
(13,1, 0,0, -0,3)
(13,1, 0,0, -0,3)
(13,1, 0,0, -0,3)
(13,1, 0,0, -0,3)
(13,1, 0,0, -0,3)
(13,1, 0,0, -0,3)
(13,1, 0,0, -0,3)
(13,1, 0,0, -0,3)
(13,1, 0,0, -0,3)
(13,1, 0,0, -0,3)
(13,1, 0,0, -0,3)
(13,1, 0,0, -0,3)
(13,1, 0,0, -0,3)
(13,1, 0,0, -0,3)
(13,1, 0,0, -0,3)
(13,2, 0,0, -0,3)
(13,2, 0,0, -0,3)
(13,2, 0,0, -0,3)
(13,2, 0,0, -0,3)
(13,2, 0,0, -0,3)
(13,2, 0,0, -0,3)
(13,2, 0,0, -0,3)
(13,2, 0,0, -0,3)
(13,2, 0,0, -0,3)
(13,2, 0,0, -0,3)
(13,2, 0,0, -0,3)
(13,2, 0,0, -0,3)
(13,2, 0,0, -0,3)
(13,2, 0,0, -0,3)
(13,2, 0,0, -0,3)
(13,2, 0,0, -0,3)
(13,2, 0,0, -0,3)
(13,2, 0,0, -0,3)
(13,2, 0,0, -0,3)
(13,2, 0,0, -0,3)
(13,2, 0,0, -0,3)
(13,2, 0,0, -0,3)
(13,3, 0,0, -0,3)
(13,3, 0,0, -0,3)
(13,3, 0,0, -0,3)
(13,3, 0,0, -0,3)
(13,3, 0,0, -0,3)
(13,3, 0,0, -0,3)
(13,3, 0,0, -0,3)
(13,3, 0,0, -0,3)
(13,3, 0,0, -0,3)
(13,3, 0,0, -0,3)
(13,3, 0,0, -0,3)
(13,3, 0,0, -0,3)
(13,3, 0,0, -0,3)
(13,3, 0,0, -0,3)
(13,3, 0,0, -0,3)
(13,3, 0,0, -0,3)
(13,3, 0,0, -0,3)
(13,3, 0,0, -0,3)
(13,3, 0,0, -0,3)
(13,3, 0,0, -0,3)
(13,4, 0,0, -0,3)
(13,4, 0,0, -0,3)
(13,4, 0,0, -0,3)
(13,4, 0,0, -0,3)
(13,4, 0,0, -0,3)
(13,4, 0,0, -0,3)
(13,4, 0,0, -0,3)
(13,4, 0,0, -0,3)
(13,4, 0,0, -0,3)
(13,4, 0,0, -0,3)
(13,4, 0,0, -0,3)
(13,4, 0,0, -0,3)
(13,4, 0,0, -0,3)
(13,4, 0,0, -0,3)
(13,4, 0,0, -0,3)
(13,4, 0,0, -0,3)
(13,4, 0,0, -0,3)
(13,4, 0,0, -0,3)
(13,4, 0,0, -0,3)
(13,4, 0,0, -0,3)
(13,5, 0,0, -0,3)
(13,5, 0,0, -0,3)
(13,5, 0,0, -0,3)
(13,5, 0,0, -0,3)
(13,5, 0,0, -0,3)
(13,5, 0,0, -0,3)
(13,5, 0,0, -0,3)
(13,5, 0,0, -0,3)
(13,5, 0,0, -0,3)
(13,5, 0,0, -0,3)
(13,5, 0,0, -0,3)
(13,5, 0,0, -0,3)
(13,5, 0,0, -0,3)
(13,5, 0,0, -0,3)
(13,5, 0,0, -0,3)
(13,5, 0,0, -0,3)
(13,5, 0,0, -0,3)
(13,5, 0,0, -0,3)
(13,5, 0,0, -0,3)
(13,5, 0,0, -0,3)
(13,5, 0,0, -0,3)
(13,6, 0,0, -0,3)
(13,6, 0,0, -0,3)
(13,6, 0,0, -0,3)
(13,6, 0,0, -0,3)
(13,6, 0,0, -0,3)
(13,6, 0,0, -0,3)
(13,6, 0,0, -0,3)
(13,6, 0,0, -0,3)
(13,6, 0,0, -0,3)
(13,6, 0,0, -0,3)
(13,6, 0,0, -0,3)
(13,6, 0,0, -0,3)
(13,6, 0,0, -0,3)
(13,6, 0,0, -0,3)
(13,6, 0,0, -0,3)
(13,6, 0,0, -0,3)
(13,6, 0,0, -0,3)
(13,6, 0,0, -0,3)
(13,6, 0,0, -0,3)
(13,7, 0,0, -0,3)
(13,7, 0,0, -0,3)
(13,7, 0,0, -0,3)
(13,7, 0,0, -0,3)
(13,7, 0,0, -0,3)
(13,7, 0,0, -0,3)
(13,7, 0,0, -0,3)
(13,7, 0,0, -0,3)
(13,7, 0,0, -0,3)
(13,7, 0,0, -0,3)
(13,7, 0,0, -0,3)
(13,7, 0,0, -0,3)
(13,7, 0,0, -0,3)
(13,7, 0,0, -0,3)
(13,7, 0,0, -0,3)
(13,7, 0,0, -0,3)
(13,7, 0,0, -0,3)
(13,7, 0,0, -0,3)
(13,7, 0,0, -0,3)
(13,7, 0,0, -0,3)
(13,7, 0,0, -0,3)
(13,7, 0,0, -0,3)
(13,8, 0,0, -0,3)
(13,8, 0,0, -0,3)
(13,8, 0,0, -0,3)
(13,8, 0,0, -0,3)
(13,8, 0,0, -0,3)
(13,8, 0,0, -0,3)
(13,8, 0,0, -0,3)
(13,8, 0,0, -0,3)
(13,8, 0,0, -0,3)
(13,8, 0,0, -0,3)
(13,8, 0,0, -0,3)
(13,8, 0,0, -0,3)
(13,8, 0,0, -0,3)
(13,8, 0,0, -0,3)
(13,9, 0,2, -0,3)
(13,9, 0,2, -0,3)
(13,9, 0,2, -0,3)
(13,9, 0,2, -0,3)
(13,9, 0,2, -0,3)
(13,9, 0,5, -0,3)
(13,9, 0,5, -0,3)
(13,9, 0,5, -0,3)
(13,9, 0,5, -0,3)
(13,9, 0,5, -0,3)
(13,9, 0,6, -0,3)
(13,9, 0,6, -0,3)
(13,9, 0,6, -0,3)
(13,9, 0,6, -0,3)
(13,9, 0,6, -0,3)
(13,9, 0,8, -0,3)
(13,9, 0,8, -0,3)
(13,9, 0,8, -0,3)
(13,9, 0,8, -0,3)
(13,9, 0,8, -0,3)
(14,0, 0,9, -0,3)
(14,0, 0,9, -0,3)
(14,0, 0,9, -0,3)
(14,0, 0,9, -0,3)
(14,0, 0,9, -0,3)
(14,0, 0,9, -0,3)
(14,0, 1,1, -0,3)
(14,0, 1,1, -0,3)
(14,0, 1,1, -0,3)
(14,0, 1,1, -0,3)
(14,0, 1,1, -0,3)
(14,1, 1,2, -0,3)
(14,1, 1,2, -0,3)
(14,1, 1,2, -0,3)
(14,1, 1,2, -0,3)
(14,1, 1,2, -0,3)
(14,1, 1,2, -0,3)
(14,1, 1,2, -0,3)
(14,1, 1,2, -0,3)
(14,1, 1,2, -0,3)
(14,1, 1,2, -0,3)
(14,1, 1,2, -0,3)
(14,1, 1,3, -0,3)
(14,1, 1,3, -0,3)
(14,1, 1,3, -0,3)
(14,1, 1,3, -0,3)
(14,1, 1,3, -0,3)
(14,2, 1,4, -0,3)
(14,2, 1,4, -0,3)
(14,2, 1,4, -0,3)
(14,2, 1,4, -0,3)
(14,2, 1,5, -0,3)
(14,2, 1,5, -0,3)
(14,2, 1,5, -0,3)
(14,2, 1,5, -0,3)
(14,2, 1,5, -0,3)
(14,2, 1,5, -0,3)
(14,2, 1,5, -0,3)
(14,2, 1,5, -0,3)
(14,2, 1,5, -0,3)
(14,3, 1,5, -0,3)
(14,3, 1,5, -0,3)
(14,3, 1,5, -0,3)
(14,3, 1,5, -0,3)
(14,3, 1,6, -0,3)
(14,3, 1,6, -0,3)
(14,3, 1,6, -0,3)
(14,3, 1,6, -0,3)
(14,3, 1,6, -0,3)
(14,4, 1,6, -0,3)
(14,4, 1,6, -0,3)
(14,4, 1,6, -0,3)
(14,4, 1,6, -0,3)
(14,4, 1,6, -0,3)
(14,4, 1,6, -0,3)
(14,4, 1,6, -0,3)
(14,4, 1,6, -0,3)
(14,4, 1,6, -0,3)
(14,4, 1,6, -0,3)
(14,4, 1,6, -0,3)
(14,4, 1,6, -0,3)
(14,4, 1,6, -0,3)
(14,4, 1,6, -0,3)
(14,4, 1,6, -0,3)
(14,5, 1,6, -0,3)
(14,5, 1,6, -0,3)
(14,5, 1,6, -0,3)
(14,5, 1,6, -0,3)
(14,5, 1,6, -0,3)
(14,5, 1,6, -0,3)
(14,5, 1,6, -0,3)
(14,5, 1,6, -0,3)
(14,5, 1,6, -0,3)
(14,5, 1,6, -0,3)
(14,5, 1,6, -0,3)
(14,6, 1,6, -0,3)
(14,6, 1,6, -0,3)
(14,6, 1,6, -0,3)
(14,6, 1,6, -0,3)
(14,6, 1,6, -0,3)
(14,6, 1,6, -0,3)
(14,6, 1,6, -0,3)
(14,6, 1,6, -0,3)
(14,6, 1,6, -0,3)
(14,6, 1,6, -0,3)
(14,6, 1,6, -0,3)
(14,6, 1,6, -0,3)
(14,6, 1,6, -0,3)
(14,6, 1,6, -0,3)
(14,6, 1,6, -0,3)
(14,7, 1,6, -0,3)
(14,7, 1,6, -0,3)
(14,7, 1,6, -0,3)
(14,7, 1,6, -0,3)
(14,7, 1,6, -0,3)
(14,7, 1,6, -0,3)
(14,7, 1,6, -0,3)
(14,7, 1,6, -0,3)
(14,7, 1,6, -0,3)
(14,8, 1,6, -0,3)
(14,8, 1,6, -0,3)
(14,8, 1,6, -0,3)
(14,8, 1,6, -0,3)
(14,8, 1,6, -0,3)
(14,8, 1,6, -0,3)
(14,8, 1,6, -0,3)
(14,8, 1,6, -0,3)
(14,8, 1,6, -0,3)
(14,8, 1,6, -0,3)
(14,8, 1,6, -0,3)
(14,8, 1,5, -0,3)
(14,8, 1,5, -0,3)
(14,8, 1,5, -0,3)
(14,8, 1,5, -0,3)
(14,8, 1,5, -0,3)
(14,9, 1,5, -0,3)
(14,9, 1,5, -0,3)
(14,9, 1,5, -0,3)
(14,9, 1,5, -0,3)
(14,9, 1,5, -0,3)
(14,9, 1,5, -0,3)
(14,9, 1,5, -0,3)
(14,9, 1,5, -0,3)
(14,9, 1,5, -0,3)
(14,9, 1,5, -0,3)
(15,0, 1,5, -0,3)
(15,0, 1,5, -0,3)
(15,0, 1,5, -0,3)
(15,0, 1,5, -0,3)
(15,0, 1,5, -0,3)
(15,0, 1,4, -0,3)
(15,0, 1,4, -0,3)
(15,0, 1,4, -0,3)
(15,0, 1,4, -0,3)
(15,0, 1,4, -0,3)
(15,0, 1,4, -0,3)
(15,0, 1,4, -0,3)
(15,0, 1,4, -0,3)
(15,0, 1,4, -0,3)
(15,0, 1,4, -0,3)
(15,0, 1,4, -0,3)
(15,1, 1,4, -0,3)
(15,1, 1,4, -0,3)
(15,1, 1,4, -0,3)
(15,1, 1,4, -0,3)
(15,1, 1,4, -0,3)
(15,1, 1,3, -0,3)
(15,1, 1,3, -0,3)
(15,1, 1,3, -0,3)
(15,1, 1,3, -0,3)
(15,1, 1,3, -0,3)
(15,2, 1,3, -0,3)
(15,2, 1,3, -0,3)
(15,2, 1,3, -0,3)
(15,2, 1,3, -0,3)
(15,2, 1,3, -0,3)
(15,2, 1,3, -0,3)
(15,2, 1,3, -0,3)
(15,2, 1,3, -0,3)
(15,2, 1,3, -0,3)
(15,2, 1,2, -0,3)
(15,2, 1,2, -0,3)
(15,2, 1,2, -0,3)
(15,2, 1,2, -0,3)
(15,2, 1,2, -0,3)
(15,3, 1,2, -0,3)
(15,3, 1,2, -0,3)
(15,3, 1,2, -0,3)
(15,3, 1,2, -0,3)
(15,3, 1,2, -0,3)
(15,3, 1,2, -0,3)
(15,3, 1,2, -0,3)
(15,3, 1,2, -0,3)
(15,3, 1,2, -0,3)
(15,3, 1,2, -0,3)
(15,4, 1,1, -0,3)
(15,4, 1,1, -0,3)
(15,4, 1,1, -0,3)
(15,4, 1,1, -0,3)
(15,4, 1,1, -0,3)
(15,4, 1,1, -0,3)
(15,4, 1,1, -0,3)
(15,4, 1,1, -0,3)
(15,4, 1,1, -0,3)
(15,4, 1,1, -0,3)
(15,4, 1,1, -0,3)
(15,4, 1,1, -0,3)
(15,4, 1,1, -0,3)
(15,4, 1,1, -0,3)
(15,5, 1,0, -0,3)
(15,5, 1,0, -0,3)
(15,5, 1,0, -0,3)
(15,5, 1,0, -0,3)
(15,5, 1,0, -0,3)
(15,5, 1,0, -0,3)
(15,5, 1,0, -0,3)
(15,5, 1,0, -0,3)
(15,5, 1,0, -0,3)
(15,5, 1,0, -0,3)
(15,6, 1,0, -0,3)
(15,6, 1,0, -0,3)
(15,6, 1,0, -0,3)
(15,6, 1,0, -0,3)
(15,6, 1,0, -0,3)
(15,6, 0,9, -0,3)
(15,6, 0,9, -0,3)
(15,6, 0,9, -0,3)
(15,6, 0,9, -0,3)
(15,6, 0,9, -0,3)
(15,6, 0,9, -0,3)
(15,6, 0,9, -0,3)
(15,6, 0,9, -0,3)
(15,6, 0,9, -0,3)
(15,6, 0,9, -0,3)
(15,7, 0,8, -0,3)
(15,7, 0,8, -0,3)
(15,7, 0,8, -0,3)
(15,7, 0,8, -0,3)
(15,7, 0,8, -0,3)
(15,7, 0,8, -0,3)
(15,7, 0,8, -0,3)
(15,7, 0,8, -0,3)
(15,7, 0,8, -0,3)
(15,7, 0,8, -0,3)
(15,7, 0,8, -0,3)
(15,8, 0,8, -0,3)
(15,8, 0,8, -0,3)
(15,8, 0,8, -0,3)
(15,8, 0,8, -0,3)
(15,8, 0,8, -0,3)
(15,8, 0,7, -0,3)
(15,8, 0,7, -0,3)
(15,8, 0,7, -0,3)
(15,8, 0,7, -0,3)
(15,8, 0,7, -0,3)
(15,8, 0,7, -0,3)
(15,8, 0,7, -0,3)
(15,8, 0,7, -0,3)
(15,8, 0,7, -0,3)
(15,8, 0,7, -0,3)
(15,9, 0,6, -0,3)
(15,9, 0,6, -0,3)
(15,9, 0,6, -0,3)
(15,9, 0,6, -0,3)
(15,9, 0,6, -0,3)
(15,9, 0,6, -0,3)
(15,9, 0,6, -0,3)
(15,9, 0,6, -0,3)
(15,9, 0,6, -0,3)
(15,9, 0,6, -0,3)
(16,0, 0,6, -0,3)
(16,0, 0,6, -0,3)
(16,0, 0,6, -0,3)
(16,0, 0,6, -0,3)
(16,0, 0,6, -0,3)
(16,0, 0,6, -0,3)
(16,0, 0,5, -0,3)
(16,0, 0,5, -0,3)
(16,0, 0,5, -0,3)
(16,0, 0,5, -0,3)
(16,0, 0,5, -0,3)
(16,0, 0,5, -0,3)
(16,0, 0,5, -0,3)
(16,0, 0,5, -0,3)
(16,0, 0,5, -0,3)
(16,0, 0,5, -0,3)
(16,1, 0,4, -0,3)
(16,1, 0,4, -0,3)
(16,1, 0,4, -0,3)
(16,1, 0,4, -0,3)
(16,1, 0,4, -0,3)
(16,1, 0,4, -0,3)
(16,1, 0,4, -0,3)
(16,1, 0,4, -0,3)
(16,1, 0,4, -0,3)
(16,1, 0,4, -0,3)
(16,2, 0,4, -0,3)
(16,2, 0,4, -0,3)
(16,2, 0,4, -0,3)
(16,2, 0,4, -0,3)
(16,2, 0,4, -0,3)
(16,2, 0,3, -0,3)
(16,2, 0,3, -0,3)
(16,2, 0,3, -0,3)
(16,2, 0,3, -0,3)
(16,2, 0,3, -0,3)
(16,2, 0,3, -0,3)
(16,2, 0,3, -0,3)
(16,2, 0,3, -0,3)
(16,2, 0,3, -0,3)
(16,2, 0,3, -0,3)
(16,2, 0,3, -0,3)
(16,3, 0,2, -0,3)
(16,3, 0,2, -0,3)
(16,3, 0,2, -0,3)
(16,3, 0,2, -0,3)
(16,3, 0,2, -0,3)
(16,3, 0,2, -0,3)
(16,3, 0,2, -0,3)
(16,3, 0,2, -0,3)
(16,3, 0,2, -0,3)
(16,3, 0,2, -0,3)
(16,3, 0,2, -0,3)
(16,4, 0,2, -0,3)
(16,4, 0,2, -0,3)
(16,4, 0,2, -0,3)
(16,4, 0,2, -0,3)
(16,4, 0,2, -0,3)
(16,4, 0,1, -0,3)
(16,4, 0,1, -0,3)
(16,4, 0,1, -0,3)
(16,4, 0,1, -0,3)
(16,4, 0,1, -0,3)
(16,4, 0,1, -0,3)
(16,4, 0,1, -0,3)
(16,4, 0,1, -0,3)
(16,4, 0,1, -0,3)
(16,4, 0,1, -0,3)
(16,5, 0,0, -0,3)
(16,5, 0,0, -0,3)
(16,5, 0,0, -0,3)
(16,5, 0,0, -0,3)
(16,5, 0,0, -0,3)
(16,5, 0,0, -0,3)
(16,5, 0,0, -0,3)
(16,5, 0,0, -0,3)
(16,5, 0,0, -0,3)
(16,5, 0,0, -0,3)
(16,5, 0,0, -0,3)
(16,5, 0,0, -0,3)
(16,5, 0,0, -0,3)
(16,5, 0,0, -0,3)
(16,5, 0,0, -0,3)
(16,5, 0,0, -0,3)
(16,5, 0,0, -0,3)
(16,5, 0,0, -0,3)
(16,5, 0,0, -0,3)
(16,6, 0,0, -0,3)
(16,6, 0,0, -0,3)
(16,6, 0,0, -0,3)
(16,6, 0,0, -0,3)
(16,6, 0,0, -0,3)
(16,6, 0,0, -0,3)
(16,6, 0,0, -0,3)
(16,6, 0,0, -0,3)
(16,6, 0,0, -0,3)
(16,6, 0,0, -0,3)
(16,6, 0,0, -0,3)
(16,6, 0,0, -0,3)
(16,6, 0,0, -0,3)
(16,6, 0,0, -0,3)
(16,6, 0,0, -0,3)
(16,6, 0,0, -0,3)
(16,6, 0,0, -0,3)
(16,6, 0,0, -0,3)
(16,6, 0,0, -0,3)
(16,6, 0,0, -0,3)
(16,6, 0,0, -0,3)
(16,6, 0,0, -0,3)
(16,6, 0,0, -0,3)
(16,6, 0,0, -0,3)
(16,6, 0,0, -0,3)
(16,6, 0,0, -0,3)
(16,6, 0,0, -0,3)
(16,6, 0,0, -0,3)
(16,6, 0,0, -0,3)
(16,6, 0,0, -0,3)
(16,6, 0,0, -0,3)
(16,7, 0,0, -0,3)
(16,7, 0,0, -0,3)
(16,7, 0,0, -0,3)
(16,7, 0,0, -0,3)
(16,7, 0,0, -0,3)
(16,7, 0,0, -0,3)
(16,7, 0,0, -0,3)
(16,7, 0,0, -0,3)
(16,7, 0,0, -0,3)
(16,7, 0,0, -0,3)
(16,7, 0,0, -0,3)
(16,7, 0,0, -0,3)
(16,7, 0,0, -0,3)
(16,7, 0,0, -0,3)
(16,7, 0,0, -0,3)
(16,7, 0,0, -0,3)
(16,7, 0,0, -0,3)
(16,7, 0,0, -0,3)
(16,7, 0,0, -0,3)
(16,7, 0,0, -0,3)
(16,7, 0,0, -0,3)
(16,7, 0,0, -0,3)
(16,7, 0,0, -0,3)
(16,7, 0,0, -0,3)
(16,7, 0,0, -0,3)
(16,7, 0,0, -0,3)
(16,7, 0,0, -0,3)
(16,7, 0,0, -0,3)
(16,7, 0,0, -0,3)
(16,7, 0,0, -0,3)
(16,7, 0,0, -0,3)
(16,7, 0,0, -0,3)
(16,7, 0,0, -0,3)
(16,7, 0,0, -0,3)
(16,7, 0,0, -0,3)
(16,8, 0,0, -0,3)
(16,8, 0,0, -0,3)
(16,8, 0,0, -0,3)
(16,8, 0,0, -0,3)
(16,8, 0,0, -0,3)
(16,8, 0,0, -0,3)
(16,8, 0,0, -0,3)
(16,8, 0,0, -0,3)
(16,8, 0,0, -0,3)
(16,8, 0,0, -0,3)
(16,8, 0,0, -0,3)
(16,8, 0,0, -0,3)
(16,8, 0,0, -0,3)
(16,8, 0,0, -0,3)
(16,8, 0,0, -0,3)
(16,8, 0,0, -0,3)
(16,8, 0,0, -0,3)
(16,8, 0,0, -0,3)
(16,8, 0,0, -0,3)
(16,8, 0,0, -0,3)
(16,8, 0,0, -0,3)
(16,8, 0,0, -0,3)
(16,8, 0,0, -0,3)
(16,8, 0,0, -0,3)
(16,8, 0,0, -0,3)
(16,8, 0,0, -0,3)
(16,8, 0,0, -0,3)
(16,8, 0,0, -0,3)
(16,8, 0,0, -0,3)
(16,9, 0,0, -0,3)
(16,9, 0,0, -0,3)
(16,9, 0,0, -0,3)
(16,9, 0,0, -0,3)
(16,9, 0,0, -0,3)
(16,9, 0,0, -0,3)
(16,9, 0,0, -0,3)
(16,9, 0,0, -0,3)
(16,9, 0,0, -0,3)
(16,9, 0,0, -0,3)
(16,9, 0,0, -0,3)
(16,9, 0,0, -0,3)
(16,9, 0,0, -0,3)
(16,9, 0,0, -0,3)
(16,9, 0,0, -0,3)
(16,9, 0,0, -0,3)
(16,9, 0,0, -0,3)
(16,9, 0,0, -0,3)
(16,9, 0,0, -0,3)
(16,9, 0,0, -0,3)
(16,9, 0,0, -0,3)
(16,9, 0,0, -0,3)
(16,9, 0,0, -0,3)
(16,9, 0,0, -0,3)
(16,9, 0,0, -0,3)
(16,9, 0,0, -0,3)
(16,9, 0,0, -0,3)
(16,9, 0,0, -0,3)
(17,0, 0,0, -0,3)
(17,0, 0,0, -0,3)
(17,0, 0,0, -0,3)
(17,0, 0,0, -0,3)
(17,0, 0,0, -0,3)
(17,0, 0,0, -0,3)
(17,0, 0,0, -0,3)
(17,0, 0,0, -0,3)
(17,0, 0,0, -0,3)
(17,0, 0,0, -0,3)
(17,0, 0,0, -0,3)
(17,0, 0,0, -0,3)
(17,0, 0,0, -0,3)
(17,0, 0,0, -0,3)
(17,0, 0,0, -0,3)
(17,0, 0,0, -0,3)
(17,0, 0,0, -0,3)
(17,0, 0,0, -0,3)
(17,0, 0,0, -0,3)
(17,0, 0,0, -0,3)
(17,0, 0,0, -0,3)
(17,0, 0,0, -0,3)
(17,0, 0,0, -0,3)
(17,0, 0,0, -0,3)
(17,0, 0,0, -0,3)
(17,0, 0,0, -0,3)
(17,0, 0,0, -0,3)
(17,0, 0,0, -0,3)
(17,0, 0,0, -0,3)
(17,0, 0,0, -0,3)
(17,0, 0,0, -0,3)
(17,0, 0,0, -0,3)
(17,0, 0,0, -0,3)
(17,1, 0,0, -0,3)
(17,1, 0,0, -0,3)
(17,1, 0,0, -0,3)
(17,1, 0,0, -0,3)
(17,1, 0,0, -0,3)
(17,1, 0,0, -0,3)
(17,1, 0,0, -0,3)
(17,1, 0,0, -0,3)
(17,1, 0,0, -0,3)
(17,1, 0,0, -0,3)
(17,1, 0,0, -0,3)
(17,1, 0,0, -0,3)
(17,1, 0,0, -0,3)
(17,1, 0,0, -0,3)
(17,1, 0,0, -0,3)
(17,1, 0,0, -0,3)
(17,1, 0,0, -0,3)
(17,1, 0,0, -0,3)
(17,1, 0,0, -0,3)
(17,1, 0,0, -0,3)
(17,1, 0,0, -0,3)
(17,1, 0,0, -0,3)
(17,1, 0,0, -0,3)
(17,1, 0,0, -0,3)
(17,1, 0,0, -0,3)
(17,1, 0,0, -0,3)
(17,1, 0,0, -0,3)
(17,1, 0,0, -0,3)
(17,1, 0,0, -0,3)
(17,1, 0,0, -0,3)
(17,2, 0,0, -0,3)
(17,2, 0,0, -0,3)
(17,2, 0,0, -0,3)
(17,2, 0,0, -0,3)
(17,2, 0,0, -0,3)
(17,2, 0,0, -0,3)
(17,2, 0,0, -0,3)
(17,2, 0,0, -0,3)
(17,2, 0,0, -0,3)
(17,2, 0,0, -0,3)
(17,2, 0,0, -0,3)
(17,2, 0,0, -0,3)
(17,2, 0,0, -0,3)
(17,2, 0,0, -0,3)
(17,2, 0,0, -0,3)
(17,2, 0,0, -0,3)
(17,2, 0,0, -0,3)
(17,2, 0,0, -0,3)
(17,2, 0,0, -0,3)
(17,2, 0,0, -0,3)
(17,2, 0,0, -0,3)
(17,2, 0,0, -0,3)
(17,2, 0,0, -0,3)
(17,2, 0,0, -0,3)
(17,2, 0,0, -0,3)
(17,2, 0,0, -0,3)
(17,2, 0,0, -0,3)
(17,2, 0,0, -0,3)
(17,2, 0,0, -0,3)
(17,2, 0,0, -0,3)
(17,2, 0,0, -0,3)
(17,2, 0,0, -0,3)
(17,2, 0,0, -0,3)
(17,2, 0,0, -0,3)
(17,2, 0,0, -0,3)
(17,2, 0,0, -0,3)
(17,3, 0,0, -0,3)
(17,3, 0,0, -0,3)
(17,3, 0,0, -0,3)
(17,3, 0,0, -0,3)
(17,3, 0,0, -0,3)
(17,3, 0,0, -0,3)
(17,3, 0,0, -0,3)
(17,3, 0,0, -0,3)
(17,3, 0,0, -0,3)
(17,3, 0,0, -0,3)
(17,3, 0,0, -0,3)
(17,3, 0,0, -0,3)
(17,3, 0,0, -0,3)
(17,3, 0,0, -0,3)
(17,3, 0,0, -0,3)
(17,3, 0,0, -0,3)
(17,3, 0,0, -0,3)
(17,3, 0,0, -0,3)
(17,3, 0,0, -0,3)
(17,3, 0,0, -0,3)
(17,3, 0,0, -0,3)
(17,3, 0,0, -0,3)
(17,3, 0,0, -0,3)
(17,3, 0,0, -0,3)
(17,3, 0,0, -0,3)
(17,3, 0,0, -0,3)
(17,3, 0,0, -0,3)
(17,3, 0,0, -0,3)
(17,3, 0,0, -0,3)
(17,3, 0,0, -0,3)
(17,3, 0,0, -0,3)
(17,4, 0,0, -0,3)
(17,4, 0,0, -0,3)
(17,4, 0,0, -0,3)
(17,4, 0,0, -0,3)
(17,4, 0,0, -0,3)
(17,4, 0,0, -0,3)
(17,4, 0,0, -0,3)
(17,4, 0,0, -0,3)
(17,4, 0,0, -0,3)
(17,4, 0,0, -0,3)
(17,4, 0,0, -0,3)
(17,4, 0,0, -0,3)
(17,4, 0,0, -0,3)
(17,4, 0,0, -0,3)
(17,4, 0,0, -0,3)
(17,4, 0,0, -0,3)
(17,4, 0,0, -0,3)
(17,4, 0,0, -0,3)
(17,4, 0,0, -0,3)
(17,4, 0,0, -0,3)
(17,4, 0,0, -0,3)
(17,4, 0,0, -0,3)
(17,4, 0,0, -0,3)
(17,4, 0,0, -0,3)
(17,4, 0,0, -0,3)
(17,4, 0,0, -0,3)
(17,4, 0,0, -0,3)
(17,4, 0,0, -0,3)
(17,4, 0,0, -0,3)
(17,4, 0,0, -0,3)
(17,4, 0,0, -0,3)
(17,4, 0,0, -0,3)
(17,4, 0,0, -0,3)
(17,4, 0,0, -0,3)
(17,4, 0,0, -0,3)
(17,4, 0,0, -0,3)
(17,5, 0,0, -0,3)
(17,5, 0,0, -0,3)
(17,5, 0,0, -0,3)
(17,5, 0,0, -0,3)
(17,5, 0,0, -0,3)
(17,5, 0,0, -0,3)
(17,5, 0,0, -0,3)
(17,5, 0,0, -0,3)
(17,5, 0,0, -0,3)
(17,5, 0,0, -0,3)
(17,5, 0,0, -0,3)
(17,5, 0,0, -0,3)
(17,5, 0,0, -0,3)
(17,5, 0,0, -0,3)
(17,5, 0,0, -0,3)
(17,5, 0,0, -0,3)
(17,5, 0,0, -0,3)
(17,5, 0,0, -0,3)
(17,5, 0,0, -0,3)
(17,5, 0,0, -0,3)
(17,5, 0,0, -0,3)
(17,5, 0,0, -0,3)
(17,5, 0,0, -0,3)
(17,5, 0,0, -0,3)
(17,5, 0,0, -0,3)
(17,5, 0,0, -0,3)
(17,5, 0,0, -0,3)
(17,5, 0,0, -0,3)
(17,5, 0,0, -0,3)
(17,5, 0,0, -0,3)
(17,5, 0,0, -0,3)
(17,5, 0,0, -0,3)
(17,6, 0,0, -0,3)
(17,6, 0,0, -0,3)
(17,6, 0,0, -0,3)
(17,6, 0,0, -0,3)
(17,6, 0,0, -0,3)
(17,6, 0,0, -0,3)
(17,6, 0,0, -0,3)
(17,6, 0,0, -0,3)
(17,6, 0,0, -0,3)
(17,6, 0,0, -0,3)
(17,6, 0,0, -0,3)
(17,6, 0,0, -0,3)
(17,6, 0,0, -0,3)
(17,6, 0,0, -0,3)
(17,6, 0,0, -0,3)
(17,6, 0,0, -0,3)
(17,6, 0,0, -0,3)
(17,6, 0,0, -0,3)
(17,6, 0,0, -0,3)
(17,6, 0,0, -0,3)
(17,6, 0,0, -0,3)
(17,6, 0,0, -0,3)
(17,6, 0,0, -0,3)
(17,6, 0,0, -0,3)
(17,6, 0,0, -0,3)
(17,6, 0,0, -0,3)
(17,6, 0,0, -0,3)
(17,6, 0,0, -0,3)
(17,6, 0,0, -0,3)
(17,6, 0,0, -0,3)
(17,6, 0,0, -0,3)
(17,6, 0,0, -0,3)
(17,6, 0,0, -0,3)
(17,6, 0,0, -0,3)
(17,6, 0,0, -0,3)
(17,6, 0,0, -0,3)
(17,7, 0,0, -0,3)
(17,7, 0,0, -0,3)
(17,7, 0,0, -0,3)
(17,7, 0,0, -0,3)
(17,7, 0,0, -0,3)
(17,7, 0,0, -0,3)
(17,7, 0,0, -0,3)
(17,7, 0,0, -0,3)
(17,7, 0,0, -0,3)
(17,7, 0,0, -0,3)
(17,7, 0,0, -0,3)
(17,7, 0,0, -0,3)
(17,7, 0,0, -0,3)
(17,7, 0,0, -0,3)
(17,7, 0,0, -0,3)
(17,7, 0,0, -0,3)
(17,7, 0,0, -0,3)
(17,7, 0,0, -0,3)
(17,7, 0,0, -0,3)
(17,7, 0,0, -0,3)
(17,7, 0,0, -0,3)
(17,7, 0,0, -0,3)
(17,7, 0,0, -0,3)
(17,7, 0,0, -0,3)
(17,7, 0,0, -0,3)
(17,7, 0,0, -0,3)
(17,7, 0,0, -0,3)
(17,7, 0,0, -0,3)
(17,7, 0,0, -0,3)
(17,7, 0,0, -0,3)
(17,7, 0,0, -0,3)
(17,8, 0,0, -0,3)
(17,8, 0,0, -0,3)
(17,8, 0,0, -0,3)
(17,8, 0,0, -0,3)
(17,8, 0,0, -0,3)
(17,8, 0,0, -0,3)
(17,8, 0,0, -0,3)
(17,8, 0,0, -0,3)
(17,8, 0,0, -0,3)
(17,8, 0,0, -0,3)
(17,8, 0,0, -0,3)
(17,8, 0,0, -0,3)
(17,8, 0,0, -0,3)
(17,8, 0,0, -0,3)
(17,8, 0,0, -0,3)
(17,8, 0,0, -0,3)
(17,8, 0,0, -0,3)
(17,8, 0,0, -0,3)
(17,8, 0,0, -0,3)
(17,8, 0,0, -0,3)
(17,8, 0,0, -0,3)
(17,8, 0,0, -0,3)
(17,8, 0,0, -0,3)
(17,8, 0,0, -0,3)
(17,8, 0,0, -0,3)
(17,8, 0,0, -0,3)
(17,8, 0,0, -0,3)
(17,8, 0,0, -0,3)
(17,8, 0,0, -0,3)
(17,8, 0,0, -0,3)
(17,8, 0,0, -0,3)
(17,8, 0,0, -0,3)
(17,8, 0,0, -0,3)
(17,8, 0,0, -0,3)
(17,8, 0,0, -0,3)
(17,8, 0,0, -0,3)
(17,9, 0,0, -0,3)
(17,9, 0,0, -0,3)
(17,9, 0,0, -0,3)
(17,9, 0,0, -0,3)
(17,9, 0,0, -0,3)
(17,9, 0,0, -0,3)
(17,9, 0,0, -0,3)
(17,9, 0,0, -0,3)
(17,9, 0,0, -0,3)
(17,9, 0,0, -0,3)
(17,9, 0,0, -0,3)
(17,9, 0,0, -0,3)
(17,9, 0,0, -0,3)
(17,9, 0,0, -0,3)
(17,9, 0,0, -0,3)
(17,9, 0,0, -0,3)
(17,9, 0,0, -0,3)
(17,9, 0,0, -0,3)
(17,9, 0,0, -0,3)
(17,9, 0,0, -0,3)
(17,9, 0,0, -0,3)
(17,9, 0,0, -0,3)
(17,9, 0,0, -0,3)
(17,9, 0,0, -0,3)
(17,9, 0,0, -0,3)
(17,9, 0,0, -0,3)
(17,9, 0,0, -0,3)
(17,9, 0,0, -0,3)
(17,9, 0,0, -0,3)
(17,9, 0,0, -0,3)
(17,9, 0,0, -0,3)
(17,9, 0,0, -0,3)
(18,0, 0,0, -0,3)
(18,0, 0,0, -0,3)
(18,0, 0,0, -0,3)
(18,0, 0,0, -0,3)
(18,0, 0,0, -0,3)
(18,0, 0,0, -0,3)
(18,0, 0,0, -0,3)
(18,0, 0,0, -0,3)
(18,0, 0,0, -0,3)
(18,0, 0,0, -0,3)
(18,0, 0,0, -0,3)
(18,0, 0,0, -0,3)
(18,0, 0,0, -0,3)
(18,0, 0,0, -0,3)
(18,0, 0,0, -0,3)
(18,0, 0,0, -0,3)
(18,0, 0,0, -0,3)
(18,0, 0,0, -0,3)
(18,0, 0,0, -0,3)
(18,0, 0,0, -0,3)
(18,0, 0,0, -0,3)
(18,0, 0,0, -0,3)
(18,0, 0,0, -0,3)
(18,0, 0,0, -0,3)
(18,0, 0,0, -0,3)
(18,0, 0,0, -0,3)
(18,0, 0,0, -0,3)
(18,0, 0,0, -0,3)
(18,0, 0,0, -0,3)
(18,0, 0,0, -0,3)
(18,0, 0,0, -0,3)
(18,0, 0,0, -0,3)
(18,0, 0,0, -0,3)
(18,0, 0,0, -0,3)
(18,0, 0,0, -0,3)
(18,0, 0,0, -0,3)
(18,1, 0,0, -0,3)
(18,1, 0,0, -0,3)
(18,1, 0,0, -0,3)
(18,1, 0,0, -0,3)
(18,1, 0,0, -0,3)
(18,1, 0,0, -0,3)
(18,1, 0,0, -0,3)
(18,1, 0,0, -0,3)
(18,1, 0,0, -0,3)
(18,1, 0,0, -0,3)
(18,1, 0,0, -0,3)
(18,1, 0,0, -0,3)
(18,1, 0,0, -0,3)
(18,1, 0,0, -0,3)
(18,1, 0,0, -0,3)
(18,1, 0,0, -0,3)
(18,1, 0,0, -0,3)
(18,1, 0,0, -0,3)
(18,1, 0,0, -0,3)
(18,1, 0,0, -0,3)
(18,1, 0,0, -0,3)
(18,1, 0,0, -0,3)
(18,1, 0,0, -0,3)
(18,1, 0,0, -0,3)
(18,1, 0,0, -0,3)
(18,1, 0,0, -0,3)
(18,1, 0,0, -0,3)
(18,1, 0,0, -0,3)
(18,1, 0,0, -0,3)
(18,1, 0,0, -0,3)
(18,1, 0,0, -0,3)
(18,1, 0,0, -0,3)
(18,1, 0,0, -0,3)
(18,2, 0,0, -0,3)
(18,2, 0,0, -0,3)
(18,2, 0,0, -0,3)
(18,2, 0,0, -0,3)
(18,2, 0,0, -0,3)
(18,2, 0,0, -0,3)
(18,2, 0,0, -0,3)
(18,2, 0,0, -0,3)
(18,2, 0,0, -0,3)
(18,2, 0,0, -0,3)
(18,2, 0,0, -0,3)
(18,2, 0,0, -0,3)
(18,2, 0,0, -0,3)
(18,2, 0,0, -0,3)
(18,2, 0,0, -0,3)
(18,2, 0,0, -0,3)
(18,2, 0,0, -0,3)
(18,2, 0,0, -0,3)
(18,2, 0,0, -0,3)
(18,2, 0,0, -0,3)
(18,2, 0,0, -0,3)
(18,2, 0,0, -0,3)
(18,2, 0,0, -0,3)
(18,2, 0,0, -0,3)
(18,2, 0,0, -0,3)
(18,2, 0,0, -0,3)
(18,2, 0,0, -0,3)
(18,2, 0,0, -0,3)
(18,2, 0,0, -0,3)
(18,3, 0,0, -0,3)
(18,3, 0,0, -0,3)
(18,3, 0,0, -0,3)
(18,3, 0,0, -0,3)
(18,3, 0,0, -0,3)
(18,3, 0,0, -0,3)
(18,3, 0,0, -0,3)
(18,3, 0,0, -0,3)
(18,3, 0,0, -0,3)
(18,3, 0,0, -0,3)
(18,3, 0,0, -0,3)
(18,3, 0,0, -0,3)
(18,3, 0,0, -0,3)
(18,3, 0,0, -0,3)
(18,3, 0,0, -0,3)
(18,3, 0,0, -0,3)
(18,3, 0,0, -0,3)
(18,3, 0,0, -0,3)
(18,3, 0,0, -0,3)
(18,3, 0,0, -0,3)
(18,3, 0,0, -0,3)
(18,3, 0,0, -0,3)
(18,3, 0,0, -0,3)
(18,3, 0,0, -0,3)
(18,3, 0,0, -0,3)
(18,3, 0,0, -0,3)
(18,3, 0,0, -0,3)
(18,3, 0,0, -0,3)
(18,3, 0,0, -0,3)
(18,3, 0,0, -0,3)
(18,3, 0,0, -0,3)
(18,3, 0,0, -0,3)
(18,3, 0,0, -0,3)
(18,3, 0,0, -0,3)
(18,3, 0,0, -0,3)
(18,3, 0,0, -0,3)
(18,3, 0,0, -0,3)
(18,4, 0,0, -0,3)
(18,4, 0,0, -0,3)
(18,4, 0,0, -0,3)
(18,4, 0,0, -0,3)
(18,4, 0,0, -0,3)
(18,4, 0,0, -0,3)
(18,4, 0,0, -0,3)
(18,4, 0,0, -0,3)
(18,4, 0,0, -0,3)
(18,4, 0,0, -0,3)
(18,4, 0,0, -0,3)
(18,4, 0,0, -0,3)
(18,4, 0,0, -0,3)
(18,4, 0,0, -0,3)
(18,4, 0,0, -0,3)
(18,4, 0,0, -0,3)
(18,4, 0,0, -0,3)
(18,4, 0,0, -0,3)
(18,4, 0,0, -0,3)
(18,4, 0,0, -0,3)
(18,4, 0,0, -0,3)
(18,4, 0,0, -0,3)
(18,4, 0,0, -0,3)
(18,4, 0,0, -0,3)
(18,4, 0,0, -0,3)
(18,4, 0,0, -0,3)
(18,4, 0,0, -0,3)
(18,4, 0,0, -0,3)
(18,4, 0,0, -0,3)
(18,5, 0,0, -0,3)
(18,5, 0,0, -0,3)
(18,5, 0,0, -0,3)
(18,5, 0,0, -0,3)
(18,5, 0,0, -0,3)
(18,5, 0,0, -0,3)
(18,5, 0,0, -0,3)
(18,5, 0,0, -0,3)
(18,5, 0,0, -0,3)
(18,5, 0,0, -0,3)
(18,5, 0,0, -0,3)
(18,5, 0,0, -0,3)
(18,5, 0,0, -0,3)
(18,5, 0,0, -0,3)
(18,5, 0,0, -0,3)
(18,5, 0,0, -0,3)
(18,5, 0,0, -0,3)
(18,5, 0,0, -0,3)
(18,5, 0,0, -0,3)
(18,5, 0,0, -0,3)
(18,5, 0,0, -0,3)
(18,5, 0,0, -0,3)
(18,5, 0,0, -0,3)
(18,5, 0,0, -0,3)
(18,5, 0,0, -0,3)
(18,5, 0,0, -0,3)
(18,5, 0,0, -0,3)
(18,5, 0,0, -0,3)
(18,5, 0,0, -0,3)
(18,5, 0,0, -0,3)
(18,5, 0,0, -0,3)
(18,5, 0,0, -0,3)
(18,5, 0,0, -0,3)
(18,5, 0,0, -0,3)
(18,5, 0,0, -0,3)
(18,6, 0,0, -0,3)
(18,6, 0,0, -0,3)
(18,6, 0,0, -0,3)
(18,6, 0,0, -0,3)
(18,6, 0,0, -0,3)
(18,6, 0,0, -0,3)
(18,6, 0,0, -0,3)
(18,6, 0,0, -0,3)
(18,6, 0,0, -0,3)
(18,6, 0,0, -0,3)
(18,6, 0,0, -0,3)
(18,6, 0,0, -0,3)
(18,6, 0,0, -0,3)
(18,6, 0,0, -0,3)
(18,6, 0,0, -0,3)
(18,6, 0,0, -0,3)
(18,6, 0,0, -0,3)
(18,6, 0,0, -0,3)
(18,6, 0,0, -0,3)
(18,6, 0,0, -0,3)
(18,6, 0,0, -0,3)
(18,6, 0,0, -0,3)
(18,6, 0,0, -0,3)
(18,6, 0,0, -0,3)
(18,6, 0,0, -0,3)
(18,6, 0,0, -0,3)
(18,6, 0,0, -0,3)
(18,6, 0,0, -0,3)
(18,6, 0,0, -0,3)
(18,6, 0,0, -0,3)
(18,6, 0,0, -0,3)
(18,7, 0,0, -0,3)
(18,7, 0,0, -0,3)
(18,7, 0,0, -0,3)
(18,7, 0,0, -0,3)
(18,7, 0,0, -0,3)
(18,7, 0,0, -0,3)
(18,7, 0,0, -0,3)
(18,7, 0,0, -0,3)
(18,7, 0,0, -0,3)
(18,7, 0,0, -0,3)
(18,7, 0,0, -0,3)
(18,7, 0,0, -0,3)
(18,7, 0,0, -0,3)
(18,7, 0,0, -0,3)
(18,7, 0,0, -0,3)
(18,7, 0,0, -0,3)
(18,7, 0,0, -0,3)
(18,7, 0,0, -0,3)
(18,7, 0,0, -0,3)
(18,7, 0,0, -0,3)
(18,7, 0,0, -0,3)
(18,7, 0,0, -0,3)
(18,7, 0,0, -0,3)
(18,7, 0,0, -0,3)
(18,7, 0,0, -0,3)
(18,7, 0,0, -0,3)
(18,7, 0,0, -0,3)
(18,7, 0,0, -0,3)
(18,7, 0,0, -0,3)
(18,7, 0,0, -0,3)
(18,7, 0,0, -0,3)
(18,7, 0,0, -0,3)
(18,7, 0,0, -0,3)
(18,7, 0,0, -0,3)
(18,7, 0,0, -0,3)
(18,7, 0,0, -0,3)
(18,8, 0,0, -0,3)
(18,8, 0,0, -0,3)
(18,8, 0,0, -0,3)
(18,8, 0,0, -0,3)
(18,8, 0,0, -0,3)
(18,8, 0,0, -0,3)
(18,8, 0,0, -0,3)
(18,8, 0,0, -0,3)
(18,8, 0,0, -0,3)
(18,8, 0,0, -0,3)
(18,8, 0,0, -0,3)
(18,8, 0,0, -0,3)
(18,8, 0,0, -0,3)
(18,8, 0,0, -0,3)
(18,8, 0,0, -0,3)
(18,8, 0,0, -0,3)
(18,8, 0,0, -0,3)
(18,8, 0,0, -0,3)
(18,8, 0,0, -0,3)
(18,8, 0,0, -0,3)
(18,8, 0,0, -0,3)
(18,8, 0,0, -0,3)
(18,8, 0,0, -0,3)
(18,8, 0,0, -0,3)
(18,8, 0,0, -0,3)
(18,8, 0,0, -0,3)
(18,8, 0,0, -0,3)
(18,8, 0,0, -0,3)
(18,8, 0,0, -0,3)
(18,8, 0,0, -0,3)
(18,8, 0,0, -0,3)
(18,8, 0,0, -0,3)
(18,9, 0,0, -0,3)
(18,9, 0,0, -0,3)
(18,9, 0,0, -0,3)
(18,9, 0,0, -0,3)
(18,9, 0,0, -0,3)
(18,9, 0,0, -0,3)
(18,9, 0,0, -0,3)
(18,9, 0,0, -0,3)
(18,9, 0,0, -0,3)
(18,9, 0,0, -0,3)
(18,9, 0,0, -0,3)
(18,9, 0,0, -0,3)
(18,9, 0,0, -0,3)
(18,9, 0,0, -0,3)
(18,9, 0,0, -0,3)
(18,9, 0,0, -0,3)
(18,9, 0,0, -0,3)
(18,9, 0,0, -0,3)
(18,9, 0,0, -0,3)
(18,9, 0,0, -0,3)
(18,9, 0,0, -0,3)
(18,9, 0,0, -0,3)
(18,9, 0,0, -0,3)
(18,9, 0,0, -0,3)
(18,9, 0,0, -0,3)
(18,9, 0,0, -0,3)
(18,9, 0,0, -0,3)
(18,9, 0,0, -0,3)
(18,9, 0,0, -0,3)
(18,9, 0,0, -0,3)
(18,9, 0,0, -0,3)
(18,9, 0,0, -0,3)
(18,9, 0,0, -0,3)
(18,9, 0,0, -0,3)
(18,9, 0,0, -0,3)
(18,9, 0,0, -0,3)
(19,0, 0,0, -0,3)
(19,0, 0,0, -0,3)
(19,0, 0,0, -0,3)
(19,0, 0,0, -0,3)
(19,0, 0,0, -0,3)
(19,0, 0,0, -0,3)
(19,0, 0,0, -0,3)
(19,0, 0,0, -0,3)
(19,0, 0,0, -0,3)
(19,0, 0,0, -0,3)
(19,0, 0,0, -0,3)
(19,0, 0,0, -0,3)
(19,0, 0,0, -0,3)
(19,0, 0,0, -0,3)
(19,0, 0,0, -0,3)
(19,0, 0,0, -0,3)
(19,0, 0,0, -0,3)
(19,0, 0,0, -0,3)
(19,0, 0,0, -0,3)
(19,0, 0,0, -0,3)
(19,0, 0,0, -0,3)
(19,0, 0,0, -0,3)
(19,0, 0,0, -0,3)
(19,0, 0,0, -0,3)
(19,0, 0,0, -0,3)
(19,0, 0,0, -0,3)
(19,0, 0,0, -0,3)
(19,0, 0,0, -0,3)
(19,0, 0,0, -0,3)
(19,0, 0,0, -0,3)
(19,0, 0,0, -0,3)
(19,1, 0,0, -0,3)
(19,1, 0,0, -0,3)
(19,1, 0,0, -0,3)
(19,1, 0,0, -0,3)
(19,1, 0,0, -0,3)
(19,1, 0,0, -0,3)
(19,1, 0,0, -0,3)
(19,1, 0,0, -0,3)
(19,1, 0,0, -0,3)
(19,1, 0,0, -0,3)
(19,1, 0,0, -0,3)
(19,1, 0,0, -0,3)
(19,1, 0,0, -0,3)
(19,1, 0,0, -0,3)
(19,1, 0,0, -0,3)
(19,1, 0,0, -0,3)
(19,1, 0,0, -0,3)
(19,1, 0,0, -0,3)
(19,1, 0,0, -0,3)
(19,1, 0,0, -0,3)
(19,1, 0,0, -0,3)
(19,1, 0,0, -0,3)
(19,1, 0,0, -0,3)
(19,1, 0,0, -0,3)
(19,1, 0,0, -0,3)
(19,1, 0,0, -0,3)
(19,1, 0,0, -0,3)
(19,1, 0,0, -0,3)
(19,1, 0,0, -0,3)
(19,1, 0,0, -0,3)
(19,1, 0,0, -0,3)
(19,1, 0,0, -0,3)
(19,1, 0,0, -0,3)
(19,1, 0,0, -0,3)
(19,1, 0,0, -0,3)
(19,2, 0,0, -0,3)
(19,2, 0,0, -0,3)
(19,2, 0,0, -0,3)
(19,2, 0,0, -0,3)
(19,2, 0,0, -0,3)
(19,2, 0,0, -0,3)
(19,2, 0,0, -0,3)
(19,2, 0,0, -0,3)
(19,2, 0,0, -0,3)
(19,2, 0,0, -0,3)
(19,2, 0,0, -0,3)
(19,2, 0,0, -0,3)
(19,2, 0,0, -0,3)
(19,2, 0,0, -0,3)
(19,2, 0,0, -0,3)
(19,2, 0,0, -0,3)
(19,2, 0,0, -0,3)
(19,2, 0,0, -0,3)
(19,2, 0,0, -0,3)
(19,2, 0,0, -0,3)
(19,2, 0,0, -0,3)
(19,2, 0,0, -0,3)
(19,2, 0,0, -0,3)
(19,2, 0,0, -0,3)
(19,2, 0,0, -0,3)
(19,2, 0,0, -0,3)
(19,2, 0,0, -0,3)
(19,2, 0,0, -0,3)
(19,2, 0,0, -0,3)
(19,2, 0,0, -0,3)
(19,2, 0,0, -0,3)
(19,3, 0,0, -0,3)
(19,3, 0,0, -0,3)
(19,3, 0,0, -0,3)
(19,3, 0,0, -0,3)
(19,3, 0,0, -0,3)
(19,3, 0,0, -0,3)
(19,3, 0,0, -0,3)
(19,3, 0,0, -0,3)
(19,3, 0,0, -0,3)
(19,3, 0,0, -0,3)
(19,3, 0,0, -0,3)
(19,3, 0,0, -0,3)
(19,3, 0,0, -0,3)
(19,3, 0,0, -0,3)
(19,3, 0,0, -0,3)
(19,3, 0,0, -0,3)
(19,3, 0,0, -0,3)
(19,3, 0,0, -0,3)
(19,3, 0,0, -0,3)
(19,3, 0,0, -0,3)
(19,3, 0,0, -0,3)
(19,3, 0,0, -0,3)
(19,3, 0,0, -0,3)
(19,3, 0,0, -0,3)
(19,3, 0,0, -0,3)
(19,3, 0,0, -0,3)
(19,3, 0,0, -0,3)
(19,3, 0,0, -0,3)
(19,3, 0,0, -0,3)
(19,3, 0,0, -0,3)
(19,4, 0,0, -0,3)
(19,4, 0,0, -0,3)
(19,4, 0,0, -0,3)
(19,4, 0,0, -0,3)
(19,4, 0,0, -0,3)
(19,4, 0,0, -0,3)
(19,4, 0,0, -0,3)
(19,4, 0,0, -0,3)
(19,4, 0,0, -0,3)
(19,4, 0,0, -0,3)
(19,4, 0,0, -0,3)
(19,4, 0,0, -0,3)
(19,4, 0,0, -0,3)
(19,4, 0,0, -0,3)
(19,4, 0,0, -0,3)
(19,4, 0,0, -0,3)
(19,4, 0,0, -0,3)
(19,4, 0,0, -0,3)
(19,4, 0,0, -0,3)
(19,4, 0,0, -0,3)
(19,4, 0,0, -0,3)
(19,4, 0,0, -0,3)
(19,4, 0,0, -0,3)
(19,4, 0,0, -0,3)
(19,4, 0,0, -0,3)
(19,4, 0,0, -0,3)
(19,4, 0,0, -0,3)
(19,4, 0,0, -0,3)
(19,4, 0,0, -0,3)
(19,4, 0,0, -0,3)
(19,4, 0,0, -0,3)
(19,4, 0,0, -0,3)
(19,4, 0,0, -0,3)
(19,4, 0,0, -0,3)
(19,4, 0,0, -0,3)
(19,5, 0,0, -0,3)
(19,5, 0,0, -0,3)
(19,5, 0,0, -0,3)
(19,5, 0,0, -0,3)
(19,5, 0,0, -0,3)
(19,5, 0,0, -0,3)
(19,5, 0,0, -0,3)
(19,5, 0,0, -0,3)
(19,5, 0,0, -0,3)
(19,5, 0,0, -0,3)
(19,5, 0,0, -0,3)
(19,5, 0,0, -0,3)
(19,5, 0,0, -0,3)
(19,5, 0,0, -0,3)
(19,5, 0,0, -0,3)
(19,5, 0,0, -0,3)
(19,5, 0,0, -0,3)
(19,5, 0,0, -0,3)
(19,5, 0,0, -0,3)
(19,5, 0,0, -0,3)
(19,5, 0,0, -0,3)
